1   1   4
3   1   4
4   1   10
5   1   2
7   1   8
8   1   10
12   1   2
14   1   2
16   1   2
18   1   10
20   1   4
22   1   6
23   1   2
24   1   10
25   1   2
26   1   2
27   1   10
29   1   10
30   1   8
36   1   2
37   1   10
38   1   6
42   1   6
44   1   4
45   1   6
46   1   6
50   1   2
52   1   10
53   1   2
56   1   6
58   1   10
62   1   2
65   1   6
66   1   4
72   1   6
74   1   10
75   1   4
77   1   2
79   1   8
1   2   10
5   2   6
9   2   4
13   2   8
17   2   4
19   2   4
21   2   8
23   2   4
24   2   4
25   2   4
26   2   8
27   2   10
28   2   8
29   2   4
32   2   6
33   2   6
36   2   10
37   2   10
39   2   6
40   2   4
42   2   10
44   2   4
46   2   10
47   2   10
48   2   4
49   2   4
51   2   10
52   2   8
55   2   6
56   2   6
58   2   6
59   2   10
60   2   10
62   2   4
66   2   2
71   2   2
72   2   2
75   2   4
76   2   6
79   2   10
1   3   8
3   3   8
5   3   2
6   3   8
7   3   8
8   3   2
11   3   2
13   3   6
14   3   8
17   3   10
18   3   6
19   3   4
20   3   8
22   3   4
24   3   8
31   3   4
32   3   2
33   3   6
37   3   4
38   3   10
39   3   2
42   3   10
45   3   8
50   3   8
52   3   10
54   3   8
55   3   4
56   3   4
57   3   4
59   3   2
61   3   2
62   3   10
64   3   4
66   3   8
67   3   6
69   3   6
71   3   2
73   3   4
74   3   8
76   3   10
77   3   10
79   3   8
80   3   8
2   4   8
4   4   2
5   4   8
6   4   6
8   4   8
9   4   4
10   4   4
16   4   10
19   4   8
22   4   10
23   4   4
26   4   2
27   4   2
28   4   8
29   4   4
31   4   6
32   4   8
34   4   6
35   4   8
36   4   2
37   4   6
40   4   8
42   4   6
45   4   8
46   4   2
47   4   6
52   4   2
53   4   6
55   4   8
57   4   8
59   4   6
60   4   2
62   4   10
66   4   8
67   4   2
70   4   6
71   4   8
74   4   6
75   4   2
77   4   10
78   4   8
79   4   2
1   5   10
2   5   10
4   5   10
7   5   10
8   5   10
11   5   8
15   5   8
16   5   8
19   5   4
20   5   2
23   5   2
24   5   6
25   5   6
28   5   4
29   5   2
31   5   2
42   5   8
43   5   4
44   5   2
48   5   4
50   5   4
53   5   8
55   5   8
56   5   8
57   5   4
60   5   10
63   5   8
67   5   8
70   5   10
71   5   6
73   5   6
74   5   8
75   5   4
77   5   2
78   5   2
79   5   6
80   5   2
3   6   10
4   6   8
11   6   10
13   6   10
14   6   6
15   6   2
18   6   10
19   6   6
20   6   10
26   6   4
27   6   6
29   6   6
30   6   4
33   6   4
34   6   4
35   6   6
37   6   4
43   6   10
46   6   6
47   6   4
48   6   6
49   6   10
54   6   6
57   6   2
58   6   8
60   6   4
61   6   2
65   6   4
66   6   10
69   6   8
70   6   8
73   6   4
74   6   6
75   6   2
78   6   2
80   6   8
4   7   4
9   7   2
10   7   8
15   7   8
16   7   8
19   7   6
20   7   4
21   7   4
22   7   10
27   7   8
32   7   6
34   7   10
36   7   8
37   7   8
41   7   6
44   7   8
46   7   6
51   7   8
52   7   6
54   7   2
56   7   10
58   7   6
61   7   2
66   7   2
70   7   6
71   7   8
73   7   6
77   7   8
78   7   8
80   7   8
3   8   2
4   8   4
5   8   2
8   8   10
9   8   4
12   8   4
15   8   10
16   8   2
18   8   6
20   8   8
25   8   4
30   8   2
32   8   4
33   8   2
35   8   10
36   8   6
41   8   2
42   8   2
43   8   2
44   8   10
46   8   2
53   8   2
55   8   4
60   8   2
61   8   4
62   8   6
64   8   4
66   8   2
67   8   10
68   8   10
70   8   10
71   8   8
73   8   2
76   8   10
78   8   2
79   8   8
80   8   6
