1   1   4
2   1   10
6   1   2
13   1   10
14   1   10
15   1   2
16   1   2
19   1   8
25   1   10
26   1   6
29   1   6
30   1   8
31   1   4
32   1   6
33   1   6
36   1   10
37   1   6
42   1   8
46   1   6
47   1   10
49   1   2
1   2   10
4   2   2
5   2   4
6   2   10
10   2   8
12   2   4
14   2   4
15   2   4
16   2   8
18   2   8
21   2   6
22   2   6
25   2   10
27   2   6
28   2   4
29   2   10
31   2   10
33   2   10
34   2   10
35   2   4
36   2   8
37   2   6
40   2   10
42   2   6
45   2   2
46   2   2
47   2   10
1   3   8
3   3   4
4   3   2
8   3   2
9   3   4
10   3   6
11   3   4
12   3   10
13   3   6
14   3   8
17   3   8
20   3   4
21   3   2
22   3   6
25   3   4
26   3   10
27   3   2
29   3   10
30   3   4
32   3   8
36   3   10
37   3   4
38   3   2
39   3   4
41   3   2
43   3   6
44   3   6
45   3   2
48   3   4
49   3   10
50   3   2
2   4   2
5   4   4
6   4   10
7   4   4
9   4   10
11   4   8
16   4   2
17   4   4
18   4   8
20   4   6
21   4   8
23   4   6
24   4   8
25   4   6
28   4   8
29   4   6
31   4   8
32   4   8
33   4   2
34   4   6
36   4   2
39   4   8
40   4   2
42   4   2
43   4   2
45   4   8
47   4   10
49   4   10
1   5   10
2   5   10
4   5   6
8   5   8
9   5   4
11   5   6
14   5   6
15   5   6
18   5   4
20   5   2
29   5   8
30   5   10
31   5   8
37   5   8
38   5   2
39   5   4
40   5   10
43   5   8
45   5   6
47   5   10
48   5   6
49   5   2
50   5   2
2   6   8
4   6   2
8   6   10
9   6   6
10   6   10
13   6   10
16   6   4
19   6   4
22   6   4
23   6   4
24   6   6
25   6   4
30   6   8
31   6   2
33   6   6
34   6   4
35   6   10
39   6   2
40   6   4
41   6   2
42   6   4
44   6   8
47   6   6
48   6   4
50   6   6
2   7   4
4   7   6
5   7   2
6   7   8
7   7   8
21   7   6
23   7   10
25   7   8
31   7   2
33   7   6
36   7   6
37   7   10
38   7   4
41   7   2
45   7   8
47   7   10
48   7   6
49   7   8
2   8   4
5   8   4
9   8   10
13   8   6
15   8   4
19   8   2
21   8   4
22   8   2
24   8   10
29   8   2
33   8   2
40   8   2
41   8   4
43   8   10
45   8   8
48   8   2
50   8   10
