1   1   4
3   1   4
6   1   8
7   1   10
11   1   2
16   1   2
18   1   10
19   1   2
21   1   4
22   1   6
23   1   2
24   1   10
26   1   10
28   1   10
29   1   8
35   1   2
36   1   10
37   1   6
41   1   6
43   1   4
44   1   8
45   1   4
46   1   6
50   1   2
51   1   10
52   1   6
53   1   2
56   1   6
59   1   10
62   1   2
66   1   6
67   1   4
69   1   10
72   1   6
73   1   10
75   1   4
77   1   2
79   1   4
1   2   10
8   2   4
13   2   8
17   2   4
19   2   6
20   2   4
23   2   4
24   2   4
26   2   10
27   2   8
28   2   4
31   2   6
32   2   6
35   2   10
36   2   10
38   2   6
39   2   4
41   2   10
43   2   4
45   2   10
47   2   10
48   2   4
49   2   4
51   2   8
55   2   6
56   2   6
59   2   6
60   2   10
62   2   4
67   2   2
69   2   10
71   2   2
72   2   2
73   2   10
75   2   4
76   2   6
79   2   8
1   3   8
3   3   8
5   3   4
6   3   8
7   3   2
10   3   2
12   3   4
13   3   6
15   3   4
17   3   10
18   3   6
19   3   10
20   3   4
21   3   8
22   3   4
24   3   8
25   3   8
30   3   4
31   3   2
32   3   6
36   3   4
37   3   10
38   3   2
41   3   10
44   3   4
46   3   8
50   3   8
51   3   10
52   3   2
54   3   8
55   3   4
56   3   4
57   3   2
58   3   4
60   3   2
61   3   2
62   3   10
63   3   8
65   3   4
67   3   8
70   3   6
71   3   2
74   3   6
76   3   10
77   3   10
80   3   8
2   4   8
7   4   8
8   4   4
9   4   4
12   4   10
15   4   8
16   4   10
20   4   8
22   4   10
23   4   4
25   4   4
26   4   2
27   4   8
28   4   4
30   4   6
31   4   8
33   4   6
34   4   8
35   4   2
36   4   6
39   4   8
41   4   6
45   4   8
46   4   8
47   4   6
51   4   2
53   4   6
55   4   8
58   4   8
60   4   6
62   4   10
63   4   6
67   4   8
69   4   10
71   4   8
73   4   10
74   4   10
75   4   2
77   4   10
78   4   8
79   4   8
1   5   10
2   5   10
6   5   10
7   5   10
10   5   8
12   5   4
14   5   8
15   5   6
16   5   8
20   5   4
21   5   2
23   5   2
24   5   6
27   5   4
28   5   2
30   5   2
41   5   8
42   5   4
43   5   2
44   5   10
45   5   8
48   5   4
50   5   4
52   5   10
53   5   8
55   5   8
56   5   8
57   5   2
58   5   4
64   5   8
69   5   8
71   5   6
73   5   10
74   5   6
75   5   4
77   5   2
78   5   2
79   5   2
80   5   2
3   6   10
4   6   2
10   6   10
12   6   6
13   6   10
14   6   2
18   6   10
20   6   6
21   6   10
26   6   6
28   6   6
29   6   4
32   6   4
33   6   4
34   6   6
36   6   4
42   6   10
44   6   8
45   6   2
47   6   4
48   6   6
49   6   10
54   6   6
58   6   2
59   6   8
61   6   2
66   6   4
67   6   10
70   6   8
73   6   6
74   6   10
75   6   2
78   6   2
79   6   8
80   6   8
4   7   4
8   7   2
9   7   8
14   7   8
16   7   8
20   7   6
21   7   4
22   7   10
26   7   8
31   7   6
33   7   10
35   7   8
36   7   8
40   7   6
43   7   8
45   7   2
51   7   6
52   7   8
54   7   2
56   7   10
57   7   4
59   7   6
61   7   2
63   7   2
67   7   2
71   7   8
73   7   10
74   7   4
77   7   8
78   7   8
80   7   8
3   8   2
7   8   10
8   8   4
11   8   4
12   8   10
14   8   10
16   8   2
18   8   6
19   8   4
21   8   8
29   8   2
31   8   4
32   8   2
34   8   10
35   8   6
40   8   2
41   8   2
42   8   2
43   8   10
53   8   2
55   8   4
61   8   4
62   8   6
65   8   4
67   8   2
68   8   10
69   8   10
71   8   8
74   8   10
76   8   10
78   8   2
80   8   6
