2   1   4
4   1   10
7   1   8
10   1   2
13   1   2
15   1   2
17   1   10
18   1   2
21   1   6
22   1   2
23   1   10
24   1   2
25   1   2
27   1   10
33   1   2
34   1   10
35   1   6
39   1   6
41   1   4
42   1   8
43   1   4
44   1   6
45   1   6
50   1   10
51   1   6
54   1   6
57   1   10
60   1   2
64   1   6
65   1   4
67   1   10
71   1   10
73   1   10
77   1   2
79   1   8
8   2   2
9   2   4
10   2   10
16   2   4
18   2   6
19   2   4
20   2   8
22   2   4
23   2   4
24   2   4
25   2   8
27   2   10
28   2   8
30   2   6
31   2   6
33   2   10
34   2   10
36   2   6
37   2   4
39   2   10
41   2   4
43   2   10
45   2   10
46   2   10
47   2   4
48   2   4
49   2   10
50   2   8
53   2   6
54   2   6
57   2   6
58   2   10
59   2   10
60   2   4
65   2   2
67   2   10
70   2   2
71   2   10
75   2   6
76   2   2
79   2   10
2   3   8
5   3   8
6   3   4
7   3   8
8   3   2
12   3   4
13   3   8
16   3   10
17   3   6
18   3   10
19   3   4
21   3   4
23   3   8
26   3   8
29   3   4
30   3   2
31   3   6
34   3   4
35   3   10
36   3   2
39   3   10
42   3   4
44   3   8
50   3   10
51   3   2
52   3   8
53   3   4
54   3   4
55   3   2
56   3   4
58   3   2
60   3   10
61   3   8
63   3   4
65   3   8
66   3   6
68   3   6
70   3   2
72   3   4
73   3   8
74   3   6
75   3   10
77   3   10
79   3   8
80   3   8
1   4   8
4   4   2
5   4   6
9   4   4
10   4   10
11   4   4
12   4   10
15   4   10
19   4   8
21   4   10
22   4   4
25   4   2
26   4   4
27   4   2
28   4   8
29   4   6
30   4   8
32   4   8
33   4   2
34   4   6
37   4   8
39   4   6
43   4   8
44   4   8
45   4   2
46   4   6
50   4   2
53   4   8
56   4   8
58   4   6
59   4   2
60   4   10
61   4   6
65   4   8
66   4   2
67   4   10
69   4   6
70   4   8
71   4   10
73   4   6
74   4   10
76   4   6
77   4   10
78   4   8
79   4   2
1   5   10
4   5   10
7   5   10
8   5   6
12   5   4
14   5   8
15   5   8
19   5   4
22   5   2
23   5   6
24   5   6
28   5   4
29   5   2
39   5   8
40   5   4
41   5   2
42   5   10
43   5   8
47   5   4
51   5   10
53   5   8
54   5   8
55   5   2
56   5   4
59   5   10
62   5   8
66   5   8
67   5   8
69   5   10
70   5   6
71   5   10
72   5   6
73   5   8
74   5   6
77   5   2
78   5   2
79   5   6
80   5   2
2   6   10
3   6   2
4   6   8
8   6   2
12   6   6
13   6   6
14   6   2
17   6   10
19   6   6
25   6   4
27   6   6
31   6   4
32   6   6
34   6   4
40   6   10
42   6   8
43   6   2
45   6   6
46   6   4
47   6   6
48   6   10
52   6   6
56   6   2
57   6   8
59   6   4
64   6   4
65   6   10
68   6   8
69   6   8
71   6   6
72   6   4
73   6   6
74   6   10
76   6   6
78   6   2
80   6   8
3   7   4
4   7   4
8   7   6
9   7   2
10   7   8
11   7   8
14   7   8
15   7   8
19   7   6
20   7   4
21   7   10
27   7   8
30   7   6
33   7   8
34   7   8
38   7   6
41   7   8
43   7   2
45   7   6
49   7   8
50   7   6
51   7   8
52   7   2
54   7   10
55   7   4
57   7   6
61   7   2
65   7   2
69   7   6
70   7   8
71   7   10
72   7   6
74   7   4
76   7   4
77   7   8
78   7   8
80   7   8
2   8   2
4   8   4
9   8   4
12   8   10
14   8   10
15   8   2
17   8   6
18   8   4
24   8   4
30   8   4
31   8   2
32   8   10
33   8   6
38   8   2
39   8   2
40   8   2
41   8   10
45   8   2
53   8   4
59   8   2
60   8   6
63   8   4
65   8   2
66   8   10
67   8   10
69   8   10
70   8   8
72   8   2
74   8   10
75   8   10
78   8   2
79   8   8
80   8   6
