2   1   10
3   1   2
7   1   2
8   1   10
10   1   8
11   1   6
12   1   6
14   1   10
15   1   10
19   1   6
20   1   10
3   2   6
4   2   2
6   2   4
7   2   4
8   2   4
12   2   10
13   2   10
14   2   8
15   2   6
16   2   10
3   3   2
4   3   2
6   3   4
8   3   8
10   3   4
11   3   8
14   3   10
17   3   2
20   3   8
1   4   8
2   4   2
3   4   8
5   4   4
6   4   8
7   4   4
11   4   8
12   4   2
14   4   2
16   4   2
20   4   6
1   5   10
2   5   10
4   5   6
6   5   4
7   5   2
8   5   6
9   5   4
10   5   10
16   5   10
18   5   8
20   5   8
2   6   8
4   6   2
6   6   6
9   6   10
10   6   8
12   6   6
15   6   8
16   6   4
17   6   2
19   6   4
20   6   6
2   7   4
4   7   6
5   7   8
6   7   6
12   7   6
13   7   8
14   7   6
15   7   6
17   7   2
2   8   4
3   8   2
9   8   2
12   8   2
16   8   2
17   8   4
