0   0   147   147   148   0   0
0   0   196   0   0   0   0
148   0   0   0   0   0   148
0   194   197   0   192   194   194
148   147   0   0   0   148   147
169   0   172   0   0   0   0
194   0   0   0   192   0   192
147   0   0   147   148   148   148
192   196   0   0   193   0   197
0   172   0   171   0   0   0
0   0   148   0   148   0   0
0   195   197   0   193   0   0
0   0   195   197   194   195   195
194   0   195   192   197   196   193
0   0   0   192   0   195   0
0   194   196   196   0   0   193
195   192   0   194   196   0   0
193   0   193   196   0   0   0
196   192   194   0   0   193   194
0   124   0   124   123   0   124
0   0   0   194   0   0   192
0   0   197   193   192   0   194
173   171   170   0   171   0   0
195   193   0   0   0   196   0
0   124   0   0   124   124   124
0   0   146   147   147   148   146
135   0   0   135   0   135   135
0   148   0   148   148   148   146
136   0   136   135   0   135   136
0   0   147   0   147   0   0
196   0   195   0   0   194   0
148   0   0   147   0   146   0
136   0   136   0   0   136   0
194   0   197   197   192   0   0
196   0   194   0   0   194   194
0   0   192   193   0   193   0
0   239   0   0   243   245   0
0   0   0   0   0   136   136
0   196   194   193   0   0   194
193   193   196   0   197   0   0
124   123   0   0   123   123   124
0   0   0   0   0   0   112
135   136   136   0   0   136   0
0   169   0   171   0   0   169
0   136   136   136   135   136   0
0   0   148   0   0   147   148
0   0   195   192   0   195   195
197   0   196   0   0   0   192
0   146   0   0   0   0   0
0   146   0   0   0   147   0
0   244   240   245   240   239   244
0   195   0   0   197   197   197
0   0   195   0   0   195   0
245   244   0   0   0   244   0
0   0   0   173   0   171   169
193   197   193   196   195   196   192
136   0   0   0   0   136   135
0   0   0   0   169   172   0
0   0   124   0   124   0   0
0   136   136   136   0   0   135
0   0   171   172   0   171   0
124   0   124   123   123   123   124
0   0   244   239   240   245   240
192   0   197   192   195   194   194
239   241   0   0   239   244   245
0   0   123   0   124   124   0
0   0   192   195   0   0   192
195   0   0   197   0   0   0
194   0   194   0   194   197   0
0   0   0   0   0   239   0
0   147   148   0   146   147   148
196   0   0   194   192   0   195
0   193   195   192   0   196   0
146   148   148   0   0   148   147
0   147   0   0   147   0   147
0   0   0   0   0   0   197
0   135   0   0   0   135   136
148   0   148   0   0   146   0
194   197   192   0   0   0   196
0   0   0   0   194   0   195
0   123   124   0   124   0   124
0   0   239   240   239   0   0
0   148   148   148   146   0   0
0   196   0   193   0   197   194
112   0   112   112   0   0   112
0   0   196   0   0   0   196
0   0   148   148   0   0   148
135   0   0   135   135   0   0
0   239   241   0   0   0   0
0   171   169   170   171   0   0
0   194   193   192   0   0   195
135   0   136   0   135   0   0
0   0   0   0   0   193   0
0   0   0   0   0   148   148
0   136   0   0   136   135   0
0   197   0   0   193   0   0
0   195   0   0   0   192   193
0   0   0   193   0   0   192
193   0   195   192   0   192   0
0   172   0   172   0   0   0
136   0   0   136   0   135   0
0   195   192   0   0   0   0
0   0   194   0   196   0   195
194   0   0   0   197   196   0
0   0   0   112   0   0   112
195   192   197   193   0   194   0
0   136   0   135   0   136   136
0   0   0   135   136   136   135
0   243   0   0   241   245   0
0   0   124   124   0   0   124
171   0   0   0   173   171   0
0   194   0   197   192   192   193
194   195   0   196   194   0   0
197   194   195   194   0   0   0
0   193   0   0   0   0   0
0   0   0   0   240   241   245
171   171   170   171   0   0   0
194   194   196   0   197   192   197
124   0   0   124   0   123   123
245   0   0   239   245   239   239
0   170   0   171   172   173   0
0   197   194   0   197   0   193
148   148   0   147   0   148   0
0   173   173   0   170   0   0
0   146   148   0   0   148   0
0   243   0   0   0   241   243
123   124   124   0   0   0   0
0   0   0   0   0   195   192
135   0   136   0   136   136   0
192   0   0   196   0   196   0
136   136   136   0   136   0   135
0   195   196   194   0   0   0
192   0   0   0   0   193   0
148   0   0   0   147   148   147
0   0   0   245   0   239   0
195   197   0   0   0   0   0
0   171   0   0   0   0   0
0   136   135   0   136   0   135
192   0   0   0   0   196   0
136   0   136   0   0   135   0
0   136   136   0   136   135   0
0   195   193   192   195   197   193
0   196   0   0   196   0   192
148   0   147   147   148   0   148
146   0   0   147   147   147   147
0   194   0   0   193   0   0
0   193   0   192   0   194   194
0   0   0   193   197   197   0
0   192   0   193   0   192   192
0   0   195   0   0   0   193
0   193   0   197   192   0   195
135   136   0   135   135   136   136
0   146   0   147   146   146   0
148   0   0   0   147   148   147
193   0   0   196   192   195   193
0   196   0   0   0   0   196
196   0   0   0   197   192   0
0   147   0   148   0   0   0
0   0   197   0   196   0   0
173   169   170   172   0   0   0
192   195   0   196   196   194   197
0   244   0   240   0   240   0
196   193   0   0   196   193   196
0   0   0   0   0   196   192
0   0   0   193   0   193   0
196   196   192   0   0   192   195
171   171   171   170   169   172   0
148   147   146   148   0   0   0
0   193   0   0   196   0   0
124   124   124   124   124   124   124
0   239   0   240   0   0   0
0   0   241   0   243   245   239
147   0   0   146   0   0   148
0   148   147   148   0   146   0
244   239   241   0   0   0   243
0   148   148   0   0   147   147
194   193   0   195   0   0   192
170   170   0   0   171   171   171
170   0   171   0   0   0   0
239   0   240   0   241   241   0
196   192   0   0   194   193   196
0   240   243   245   245   0   0
124   123   123   0   124   123   123
196   0   0   0   0   194   0
0   0   194   194   197   193   196
197   0   0   0   192   195   194
197   0   192   0   0   0   196
146   0   148   0   148   0   148
0   0   196   192   196   0   0
0   0   135   0   0   135   136
135   135   0   0   0   0   135
197   0   195   194   193   0   0
0   197   0   0   193   192   0
171   0   0   0   169   0   0
196   193   196   0   0   194   0
148   148   0   0   148   148   0
245   0   0   0   0   239   0
0   0   0   0   197   0   0
0   0   0   0   195   0   196
0   240   240   243   241   241   0
0   124   124   0   0   124   0
112   0   0   112   112   112   112
135   0   136   0   0   0   0
0   0   0   0   0   196   0
0   193   0   0   0   0   0
135   135   0   135   0   0   135
0   197   0   197   0   195   193
0   136   0   0   136   0   135
0   0   0   0   196   0   0
0   0   193   0   0   0   0
147   0   148   147   0   0   0
0   193   0   196   0   194   195
171   171   0   171   170   0   0
0   197   0   192   0   0   0
123   0   123   123   0   124   124
0   196   196   0   193   196   193
197   0   193   0   192   0   195
135   135   136   0   0   136   136
0   135   135   136   0   136   0
196   0   192   192   0   193   195
171   0   0   0   173   172   0
112   112   0   112   0   112   0
197   197   0   0   0   0   0
147   147   0   147   0   148   0
124   0   123   124   124   0   0
0   197   195   196   0   0   194
240   0   241   244   239   0   240
0   173   0   0   171   0   173
0   0   0   147   147   0   0
0   136   0   0   0   0   136
0   192   192   0   194   0   0
124   0   0   124   124   0   0
196   0   0   193   197   0   193
0   172   169   0   0   172   172
147   0   0   0   0   0   148
136   136   0   136   136   0   135
196   0   0   194   0   194   195
192   0   196   193   0   0   195
136   136   0   0   0   136   0
0   136   0   0   136   0   136
0   0   0   0   192   193   0
147   147   0   0   147   0   0
0   196   0   0   195   0   0
136   0   0   0   0   136   136
197   192   0   0   0   0   193
148   0   148   146   148   148   0
0   0   197   196   0   0   0
0   0   0   136   135   136   0
148   147   0   148   0   147   0
0   0   0   0   170   170   169
0   194   196   0   0   0   0
0   0   194   193   192   197   0
147   0   0   147   0   148   146
0   195   0   193   193   0   194
123   124   124   124   124   0   124
0   0   169   0   0   0   170
135   135   136   136   135   135   135
195   0   0   194   0   192   0
136   0   136   135   136   0   0
0   0   0   195   0   0   196
0   0   0   136   0   0   136
0   169   0   0   171   172   170
0   0   135   135   136   0   0
0   0   148   148   148   0   0
0   194   0   0   196   0   0
193   0   0   193   193   0   0
0   124   123   0   0   124   124
0   194   0   194   195   0   196
192   194   195   0   192   0   0
0   196   195   0   0   0   196
243   245   240   0   243   244   243
0   0   196   0   197   192   192
192   195   196   0   0   194   0
192   192   195   194   0   192   0
0   0   0   0   0   196   197
0   0   0   0   0   196   194
0   0   0   0   148   0   0
0   193   196   196   0   195   197
0   147   148   0   0   146   146
196   196   197   197   193   196   0
0   192   0   0   193   193   0
0   0   124   0   0   123   123
124   0   0   124   124   124   0
0   146   148   148   148   146   147
241   0   244   0   0   0   239
148   147   0   148   0   148   146
0   147   148   0   148   0   146
194   197   195   194   196   0   0
195   192   0   195   0   192   196
240   245   240   0   0   0   0
0   148   0   147   0   0   0
136   135   0   135   135   136   135
240   0   0   245   0   243   0
124   0   123   123   124   0   124
192   195   0   197   193   0   197
194   192   195   0   0   197   0
0   0   0   0   124   124   124
147   148   147   146   0   148   0
193   192   196   0   197   194   193
0   136   135   136   0   0   0
0   197   0   195   0   197   195
124   0   0   124   123   0   0
0   0   0   0   193   0   0
135   0   136   136   136   135   0
194   0   0   0   0   195   193
136   0   0   0   0   0   135
193   0   0   194   0   197   0
136   0   0   136   0   136   0
0   196   194   195   0   194   193
0   147   0   0   148   0   0
0   0   197   0   0   0   197
195   0   0   192   192   196   195
146   0   146   0   0   0   148
148   148   148   0   0   147   148
0   124   124   0   0   0   0
0   135   135   0   0   0   0
245   0   239   0   0   0   243
193   194   0   0   0   196   0
135   0   136   0   0   135   0
194   0   195   0   0   0   194
0   194   197   0   193   0   196
197   197   197   0   0   0   192
0   194   0   0   0   194   0
0   0   169   169   172   0   171
0   196   194   192   0   0   192
244   0   0   0   0   0   239
196   0   197   0   0   0   195
148   0   0   0   148   148   146
0   197   196   196   0   193   0
0   193   194   0   0   0   196
0   0   0   194   0   196   0
0   0   197   193   195   0   0
0   135   136   0   136   136   136
244   243   243   0   0   0   239
192   0   197   0   194   193   0
0   0   244   0   0   0   0
173   172   0   171   170   170   0
0   0   0   0   146   146   147
0   0   124   0   0   0   0
0   0   239   241   0   245   240
0   192   0   0   0   196   0
192   0   0   196   192   0   0
0   0   0   0   196   0   197
123   123   0   0   0   0   0
197   196   196   193   197   196   0
0   194   0   195   0   193   194
0   0   0   172   0   171   173
0   0   0   196   0   195   192
194   194   0   0   193   196   0
193   196   194   193   197   194   0
148   0   147   148   0   0   146
0   0   192   0   0   0   0
171   169   0   171   171   0   0
240   245   0   245   0   0   239
0   0   194   193   0   0   0
0   0   245   0   239   239   240
148   148   0   0   148   146   0
171   0   169   0   0   172   170
135   0   135   0   135   0   0
0   0   146   146   0   148   0
0   0   0   0   0   192   197
0   0   193   195   194   0   196
0   0   0   0   0   196   196
0   196   196   0   193   0   192
0   194   196   0   0   196   0
0   0   0   0   148   146   0
0   193   0   0   0   194   194
173   171   173   170   170   170   0
0   123   0   124   0   124   124
195   195   0   196   0   0   194
136   135   135   0   0   135   0
240   241   0   240   0   0   0
245   0   241   0   0   0   0
148   0   147   147   0   0   146
0   172   170   0   0   169   0
135   0   0   0   135   136   0
192   194   197   197   0   193   196
195   197   0   194   195   192   0
0   124   124   124   0   124   124
0   0   0   195   0   196   193
148   0   0   0   0   147   147
239   0   0   0   0   0   0
0   194   197   0   0   0   0
147   0   0   0   0   148   147
197   194   197   0   0   0   0
193   193   195   0   196   0   0
146   148   147   148   0   0   0
124   124   124   0   124   124   124
0   193   194   0   196   195   0
240   0   0   0   241   241   240
194   0   197   194   193   195   0
0   192   195   0   0   196   195
195   0   0   0   0   0   196
0   195   196   194   0   194   193
194   194   196   0   0   0   0
124   0   124   124   0   0   0
0   0   0   0   0   0   148
0   0   0   192   196   0   0
193   193   194   197   192   195   0
0   196   0   0   0   193   0
195   0   194   0   0   197   194
0   0   0   0   0   0   194
0   0   0   147   148   148   0
0   0   147   148   0   0   0
192   192   193   0   0   194   0
147   148   0   0   0   0   148
0   197   195   194   0   0   195
193   192   0   0   0   192   0
0   169   0   0   0   173   170
244   241   0   243   0   0   0
195   0   0   192   0   0   195
148   147   0   147   147   148   146
193   194   197   0   0   195   194
193   196   0   192   0   0   0
136   135   0   136   136   136   0
0   0   0   197   196   196   0
148   148   148   0   0   147   148
197   192   0   193   0   0   0
0   0   0   0   0   0   194
0   193   195   0   197   194   0
196   0   196   195   194   0   0
0   240   244   239   0   245   0
194   195   193   194   197   192   0
0   192   194   195   193   192   197
135   135   0   0   135   0   0
195   0   192   0   194   192   192
0   148   147   147   0   148   0
0   192   0   194   192   194   0
148   146   0   147   0   148   148
135   136   0   135   136   0   136
0   0   148   0   146   147   0
0   192   0   0   0   0   196
0   196   0   0   194   192   195
0   148   0   0   0   0   0
0   0   194   0   0   197   0
0   0   0   0   0   194   197
193   194   0   195   193   194   192
0   0   147   148   0   0   0
193   192   195   195   0   196   194
124   123   0   124   123   0   124
0   0   0   0   0   135   135
0   197   0   195   0   196   0
135   0   0   135   0   0   136
194   197   195   195   0   0   192
0   196   0   192   0   194   0
0   146   148   148   0   147   146
0   0   0   0   197   0   0
193   0   194   0   0   0   197
197   0   194   194   197   197   194
0   0   196   196   196   0   0
0   0   240   0   0   0   245
0   0   0   194   0   0   196
0   0   148   0   0   0   0
0   0   195   195   194   192   196
239   0   243   241   0   241   0
197   0   0   195   196   0   0
196   192   0   0   0   0   0
135   0   136   135   135   136   135
0   0   0   0   0   193   194
0   0   194   195   193   0   0
0   0   0   0   195   197   0
0   148   147   0   0   148   0
172   0   171   0   169   0   170
0   0   195   0   192   197   192
0   0   197   196   196   0   194
135   0   0   136   0   0   135
136   135   0   135   136   0   136
147   148   148   146   148   0   0
0   0   240   244   0   239   0
0   0   194   193   192   0   0
192   0   0   197   193   0   194
0   171   171   0   0   172   0
0   0   0   135   136   135   0
0   197   0   196   0   193   0
0   0   195   196   193   0   0
136   0   0   136   0   135   0
0   192   0   197   0   196   0
0   194   0   194   195   193   0
169   171   169   172   170   173   170
196   0   0   196   194   194   197
0   136   0   136   0   135   0
124   0   0   123   124   124   124
0   0   0   0   136   0   136
0   0   112   0   0   112   0
0   0   192   194   193   194   0
197   193   0   0   0   0   195
197   0   195   194   194   0   196
0   146   0   0   148   0   146
0   0   0   124   124   123   124
193   192   197   0   196   193   196
241   0   0   0   0   245   0
0   197   193   0   0   193   0
0   0   194   0   192   192   0
170   0   0   0   172   0   171
135   0   0   136   0   135   135
136   0   0   0   0   135   135
0   240   0   0   244   241   243
193   197   0   0   193   192   0
244   0   244   0   245   0   244
0   241   244   0   243   243   0
