1   1   4
2   1   4
6   1   8
9   1   2
11   1   2
14   1   2
16   1   2
18   1   10
19   1   4
20   1   6
21   1   2
22   1   10
23   1   2
25   1   10
27   1   10
28   1   8
33   1   2
34   1   10
35   1   6
39   1   4
40   1   8
41   1   4
42   1   6
43   1   6
46   1   2
48   1   6
49   1   2
52   1   6
55   1   10
59   1   2
60   1   8
64   1   6
65   1   4
70   1   6
71   1   10
76   1   2
78   1   8
1   2   10
7   2   2
8   2   4
9   2   10
13   2   8
17   2   4
21   2   4
22   2   4
23   2   8
25   2   10
26   2   8
27   2   4
30   2   6
33   2   10
34   2   10
36   2   6
37   2   4
39   2   4
41   2   10
43   2   10
44   2   10
45   2   4
47   2   10
51   2   6
52   2   6
55   2   6
56   2   10
57   2   10
59   2   4
60   2   6
65   2   2
69   2   2
70   2   2
71   2   10
74   2   6
75   2   2
78   2   10
1   3   8
2   3   8
4   3   8
5   3   4
6   3   8
7   3   2
12   3   4
13   3   6
14   3   8
15   3   4
17   3   10
18   3   6
19   3   8
20   3   4
22   3   8
24   3   8
29   3   4
30   3   6
34   3   4
35   3   10
36   3   2
40   3   4
42   3   8
46   3   8
48   3   2
50   3   8
51   3   4
52   3   4
53   3   2
54   3   4
56   3   2
58   3   2
59   3   10
61   3   8
63   3   4
65   3   8
66   3   6
67   3   6
69   3   2
72   3   4
73   3   6
74   3   10
76   3   10
78   3   8
79   3   8
80   3   2
4   4   6
8   4   4
9   4   10
10   4   4
12   4   10
15   4   8
16   4   10
20   4   10
21   4   4
23   4   2
24   4   4
25   4   2
26   4   8
27   4   4
29   4   6
31   4   6
32   4   8
33   4   2
34   4   6
37   4   8
41   4   8
42   4   8
43   4   2
44   4   6
49   4   6
51   4   8
54   4   8
56   4   6
57   4   2
59   4   10
60   4   2
61   4   6
65   4   8
66   4   2
68   4   6
69   4   8
71   4   10
73   4   10
75   4   6
76   4   10
77   4   8
78   4   2
1   5   10
6   5   10
7   5   6
12   5   4
15   5   6
16   5   8
19   5   2
21   5   2
22   5   6
26   5   4
27   5   2
29   5   2
39   5   2
40   5   10
41   5   8
45   5   4
46   5   4
48   5   10
49   5   8
51   5   8
52   5   8
53   5   2
54   5   4
57   5   10
62   5   8
66   5   8
68   5   10
69   5   6
71   5   10
72   5   6
73   5   6
76   5   2
77   5   2
78   5   6
79   5   2
80   5   2
2   6   10
3   6   2
7   6   2
12   6   6
13   6   10
14   6   6
18   6   10
19   6   10
23   6   4
25   6   6
27   6   6
28   6   4
30   6   4
31   6   4
32   6   6
34   6   4
40   6   8
41   6   2
43   6   6
44   6   4
45   6   6
50   6   6
54   6   2
55   6   8
57   6   4
58   6   2
60   6   4
64   6   4
65   6   10
67   6   8
68   6   8
71   6   6
72   6   4
73   6   10
75   6   6
77   6   2
79   6   8
80   6   6
3   7   4
7   7   6
8   7   2
9   7   8
10   7   8
16   7   8
19   7   4
20   7   10
25   7   8
31   7   10
33   7   8
34   7   8
38   7   6
39   7   8
41   7   2
43   7   6
47   7   8
48   7   8
50   7   2
52   7   10
53   7   4
55   7   6
58   7   2
61   7   2
65   7   2
68   7   6
69   7   8
71   7   10
72   7   6
73   7   4
75   7   4
76   7   8
77   7   8
79   7   8
2   8   2
8   8   4
11   8   4
12   8   10
16   8   2
18   8   6
19   8   8
28   8   2
30   8   2
32   8   10
33   8   6
38   8   2
39   8   10
43   8   2
49   8   2
51   8   4
57   8   2
58   8   4
59   8   6
63   8   4
65   8   2
66   8   10
68   8   10
69   8   8
72   8   2
73   8   10
74   8   10
77   8   2
78   8   8
79   8   6
80   8   10
