168   176   172   180   0   0   0
0   0   268   0   265   254   270
0   0   0   196   0   212   0
0   150   161   142   0   162   0
205   215   0   203   212   189   221
0   192   0   188   0   0   167
195   0   201   204   0   0   0
201   0   0   0   0   0   188
0   125   0   0   0   0   122
132   121   0   0   146   134   111
204   219   0   0   0   216   217
0   0   159   148   0   146   0
0   0   0   155   0   0   0
0   0   206   0   199   0   192
0   141   0   133   172   0   0
138   159   0   0   0   169   163
0   0   272   0   0   0   278
258   0   276   244   0   244   0
0   0   0   221   0   0   190
191   0   230   0   0   0   0
0   0   168   0   0   198   161
0   0   0   120   0   133   0
170   0   205   0   169   189   0
144   0   0   0   132   146   148
0   244   255   254   279   0   270
210   220   0   222   0   225   0
0   0   198   195   0   196   206
147   134   0   0   126   129   116
0   124   125   128   150   0   154
0   0   0   0   0   170   0
229   216   0   0   219   202   198
240   0   258   269   252   0   264
204   193   218   214   184   0   0
229   0   0   215   209   0   211
192   0   0   0   219   0   212
223   0   0   0   197   0   186
0   0   199   0   0   188   211
124   148   130   141   157   0   0
192   0   0   0   0   184   195
0   199   0   0   0   0   195
216   183   0   199   0   0   212
134   167   159   150   0   0   135
0   0   0   0   190   0   0
168   0   139   148   137   0   0
191   219   216   205   0   0   0
0   139   0   0   0   0   175
0   0   186   0   201   0   0
131   0   0   0   0   109   127
0   0   0   0   0   134   121
0   0   205   204   0   195   192
199   193   213   224   191   230   0
156   138   0   0   163   137   131
0   0   229   224   226   0   213
197   0   0   0   0   186   0
227   219   190   221   198   0   0
219   0   184   193   0   204   0
0   0   219   0   220   0   206
218   0   218   0   199   0   207
0   231   200   224   0   206   231
0   0   0   0   197   199   0
199   197   215   191   0   0   0
0   0   216   0   198   0   0
0   267   0   0   272   0   0
173   0   0   165   0   186   0
0   0   228   194   0   0   200
0   0   122   0   0   150   153
199   0   0   0   0   194   222
0   186   177   0   200   165   196
0   174   134   0   136   147   0
0   190   214   223   0   218   199
0   211   0   214   207   0   0
191   0   0   0   0   0   184
0   208   0   190   218   189   184
245   274   254   250   0   0   0
0   190   224   203   0   211   0
157   0   0   142   159   0   0
260   0   284   238   278   0   0
186   210   211   226   0   0   196
155   0   0   0   0   174   158
0   164   195   0   0   0   0
0   217   208   204   182   208   221
234   0   257   247   264   268   248
0   0   0   247   0   0   0
198   211   0   0   207   209   0
214   0   0   190   0   0   186
120   0   110   0   0   0   0
0   0   159   0   143   141   129
0   0   157   145   128   0   0
212   221   0   193   0   0   0
0   210   193   208   220   197   0
139   0   0   118   116   126   0
196   0   231   215   190   0   212
171   161   168   0   159   0   166
0   274   268   0   260   282   0
217   0   0   0   188   195   195
137   0   0   127   0   0   152
0   0   159   0   0   159   0
0   0   124   131   0   0   150
199   197   197   0   206   0   0
0   0   0   0   221   206   234
0   219   216   223   226   210   0
0   185   226   0   221   0   0
212   225   0   199   0   0   0
0   0   0   0   220   0   216
0   171   0   0   0   0   197
115   0   0   0   0   0   121
0   128   0   0   0   0   135
160   167   0   152   0   0   166
0   222   0   223   0   202   0
122   124   0   126   0   0   0
203   220   0   221   200   198   207
222   227   215   0   0   205   239
153   156   0   0   148   139   0
0   125   135   140   137   0   0
0   0   0   0   0   131   148
0   214   198   212   219   197   229
190   0   0   0   204   190   188
0   202   0   0   0   0   0
137   142   148   130   0   151   0
167   0   0   149   0   0   0
0   0   0   0   244   262   270
0   122   110   0   129   117   122
0   194   0   0   224   215   0
206   216   0   194   212   197   215
197   0   201   197   0   201   215
270   259   254   0   258   248   254
0   136   111   146   0   118   0
183   0   0   0   0   0   0
0   232   0   198   0   0   0
139   112   127   0   115   107   105
0   0   0   0   0   161   0
150   0   122   149   0   136   0
0   0   0   0   0   204   0
149   0   149   0   169   158   0
0   148   0   128   0   124   151
0   155   152   0   137   0   134
0   0   191   228   0   197   199
0   141   0   0   142   171   0
0   0   128   135   0   121   128
127   0   0   111   0   0   0
129   146   143   149   0   0   148
0   0   240   238   0   269   255
0   155   122   0   129   152   0
0   0   0   202   227   221   0
0   188   184   0   0   176   170
0   0   257   277   257   263   249
154   0   136   129   0   0   0
0   0   0   0   0   0   259
0   202   0   225   197   0   0
221   0   198   208   0   0   0
129   0   0   0   161   137   0
219   0   0   0   225   0   0
0   157   0   167   0   138   154
0   220   224   0   198   218   0
0   193   0   222   0   185   190
225   190   0   206   216   210   0
190   0   0   0   0   0   0
0   202   0   0   191   0   224
0   199   233   201   186   0   222
0   177   179   0   170   173   163
0   0   215   188   207   208   212
167   0   188   174   0   183   0
0   165   0   202   0   184   0
0   0   194   198   0   0   205
203   185   0   202   200   204   0
126   148   0   153   125   130   152
147   0   151   139   0   0   137
0   158   175   0   134   0   0
221   200   0   222   216   0   0
187   208   0   0   184   185   210
0   0   0   0   0   196   195
196   189   221   230   187   198   0
214   221   0   221   0   0   0
0   184   162   191   189   0   170
0   0   199   0   190   217   0
0   0   0   222   191   0   193
0   0   110   101   106   0   114
0   212   205   0   197   194   203
0   225   209   0   0   217   0
0   160   0   143   150   0   0
0   234   0   247   0   281   236
0   0   0   0   140   119   112
0   0   0   155   167   0   0
213   223   0   0   186   226   194
272   0   0   0   0   0   275
218   0   0   214   211   197   0
196   0   0   0   230   195   187
0   128   135   0   0   144   145
225   217   195   0   0   0   0
0   101   0   134   0   0   0
152   146   156   122   0   151   157
0   0   218   222   189   0   212
232   220   0   0   223   198   0
199   0   0   203   231   191   0
125   101   124   0   0   0   123
0   228   191   206   0   0   208
142   0   0   0   0   174   0
0   159   0   0   0   163   0
0   0   192   194   0   221   0
207   215   217   218   199   222   0
0   194   0   195   0   0   0
113   113   107   0   110   0   108
207   217   213   202   0   189   0
0   203   207   0   0   0   227
165   159   168   0   0   0   0
210   0   0   0   0   207   0
0   202   0   0   0   203   0
0   161   0   0   146   0   0
137   159   0   147   166   135   163
0   115   112   0   0   132   141
0   0   0   0   160   140   0
195   206   196   0   201   0   0
0   123   0   138   128   159   0
217   0   0   198   232   0   0
153   159   0   0   121   0   0
199   200   195   0   205   0   212
206   0   0   200   210   203   197
149   156   0   174   146   0   173
203   203   0   212   199   224   0
168   0   154   0   0   0   0
0   191   205   0   197   0   0
0   0   182   0   0   0   0
202   198   195   0   0   212   204
0   142   0   166   152   0   139
146   149   160   152   0   0   0
0   0   0   0   155   126   0
206   226   0   200   227   188   226
192   212   223   224   208   0   0
200   0   0   0   199   0   192
0   0   160   168   0   0   0
197   230   0   216   202   226   207
0   246   0   0   266   0   0
173   186   173   0   171   0   164
0   144   167   149   169   171   0
0   0   276   267   277   0   0
110   149   135   132   116   140   0
0   0   0   214   0   0   0
190   0   223   205   0   0   223
0   0   0   0   0   143   0
180   0   0   0   169   170   0
0   192   201   202   207   0   219
0   0   0   137   0   0   158
0   0   0   193   222   205   0
112   136   115   0   138   0   0
119   112   0   135   0   137   0
140   142   177   150   160   0   154
213   0   205   209   0   0   0
198   208   205   205   201   0   0
218   190   219   217   221   201   215
159   127   0   0   145   162   129
138   145   0   0   163   0   156
0   0   0   142   150   0   0
219   0   0   0   0   0   0
0   0   174   174   162   0   0
0   146   0   0   0   152   137
146   141   0   121   148   142   134
0   179   190   161   172   176   0
0   0   142   159   0   0   0
0   123   137   0   125   0   145
192   0   183   0   0   214   0
190   0   194   0   221   0   0
183   171   0   164   168   0   0
0   0   185   0   0   202   190
0   148   0   123   149   0   0
0   0   0   146   155   141   0
0   0   0   0   0   197   0
214   0   222   231   0   195   0
176   0   196   179   164   172   202
0   0   0   0   0   148   174
0   169   157   0   143   0   158
208   0   0   0   0   197   211
194   221   0   200   199   0   0
254   0   0   0   260   261   271
0   267   265   265   268   267   0
230   187   0   0   204   0   0
0   226   228   220   0   214   0
204   0   233   0   0   189   218
0   219   211   198   190   209   0
222   226   213   220   190   226   209
0   0   0   184   0   219   0
0   0   0   189   190   0   205
206   194   200   0   198   222   0
144   133   0   144   0   117   0
0   190   0   0   0   0   186
0   244   0   249   245   263   0
0   0   130   0   0   126   0
129   118   0   107   0   0   137
147   0   123   0   0   146   149
0   0   0   203   218   0   219
214   223   0   214   0   222   0
150   128   0   145   137   147   127
0   254   274   254   0   274   0
0   0   0   136   137   0   127
0   222   0   221   0   0   0
0   0   243   274   0   242   0
116   128   110   0   0   132   111
0   200   184   0   175   161   175
196   197   222   0   0   0   0
0   0   155   150   129   155   0
0   0   214   213   201   205   0
210   0   210   0   209   194   218
0   0   141   0   0   0   126
0   199   184   0   203   231   219
0   214   0   0   0   0   0
150   0   127   0   150   156   146
271   0   263   0   0   0   248
0   219   209   220   0   210   224
0   0   0   224   191   0   213
0   0   146   0   0   0   136
218   214   0   217   195   0   0
0   0   253   0   0   0   0
0   225   0   199   0   0   206
252   253   264   0   277   0   267
232   0   190   213   199   0   201
0   0   275   0   0   0   0
151   143   0   152   150   0   124
131   125   106   107   0   123   0
0   238   270   0   251   270   0
0   225   0   0   0   203   214
0   195   209   0   206   0   200
155   0   153   137   163   0   153
143   0   149   136   0   0   138
0   0   0   0   161   0   169
0   191   0   0   220   219   204
0   0   188   204   0   227   0
158   171   0   170   140   150   0
0   0   0   0   132   136   0
0   155   0   124   0   0   0
207   0   193   206   214   220   196
0   202   200   193   0   194   184
166   136   0   0   163   166   172
0   219   190   222   210   0   215
211   0   0   222   0   0   0
0   219   0   225   0   0   201
0   205   196   0   0   0   0
0   221   0   194   0   215   0
200   228   220   213   0   0   0
0   0   132   129   0   142   154
171   0   137   0   0   0   153
194   0   197   206   213   199   221
194   0   218   233   0   0   205
132   143   145   146   0   145   0
220   186   0   213   0   0   0
123   110   122   111   140   121   0
0   194   0   204   0   0   205
200   195   0   192   0   213   191
111   129   0   136   115   0   131
141   0   0   0   0   118   0
166   156   0   0   158   158   0
221   228   202   227   186   229   0
170   0   0   0   192   191   0
0   0   139   148   160   128   127
148   0   0   150   0   0   0
170   173   149   0   156   0   0
160   0   0   0   0   0   0
0   0   0   0   152   0   0
0   0   159   142   0   162   135
198   0   0   224   0   208   0
135   0   0   150   137   153   0
0   217   0   0   0   194   0
125   0   158   153   153   0   0
0   0   0   254   0   0   268
0   0   242   264   268   0   257
152   142   0   0   162   141   131
0   195   0   0   0   0   0
198   234   214   221   206   222   210
216   193   194   0   0   0   0
157   0   159   0   148   0   0
0   0   165   0   167   158   167
114   0   129   0   124   0   118
0   0   216   0   0   224   210
215   208   0   0   196   221   217
211   193   212   0   0   0   0
220   191   225   0   200   0   200
196   184   226   0   214   187   211
0   201   173   0   0   170   191
203   0   0   0   193   229   0
116   0   145   117   115   118   0
0   186   189   0   167   0   0
191   231   225   0   0   0   194
0   208   196   0   196   210   0
0   0   0   0   0   0   109
0   0   199   0   230   223   0
202   229   0   0   224   0   0
188   231   199   224   196   0   201
0   274   278   272   0   0   254
0   120   0   141   0   0   0
0   0   213   211   0   0   0
0   0   210   196   0   207   222
0   0   167   0   0   0   135
0   0   0   189   0   0   220
0   0   0   0   144   0   0
0   211   0   0   0   0   0
134   155   0   126   0   0   150
0   0   220   215   0   195   206
0   221   0   218   0   188   0
0   0   216   0   208   220   221
213   211   0   0   0   206   0
0   258   0   0   256   235   271
0   0   150   0   121   129   148
0   0   0   288   274   280   0
0   227   0   0   0   0   220
0   0   203   225   218   0   0
143   0   0   0   144   0   0
0   199   206   0   0   200   0
224   224   215   204   211   0   224
0   0   0   207   224   0   208
0   0   227   221   234   0   225
0   0   204   191   0   0   0
240   271   273   0   264   0   0
168   0   198   0   187   160   0
135   0   161   133   0   0   169
0   0   0   0   189   187   196
133   0   0   0   163   154   155
206   0   214   0   0   0   193
144   0   147   143   0   131   0
168   151   172   135   161   160   166
219   0   0   224   204   188   207
0   228   0   211   197   0   224
221   0   0   199   0   0   210
223   0   0   0   198   0   222
269   290   275   277   0   272   0
0   0   248   0   0   268   275
0   0   201   0   0   0   190
220   0   193   0   0   0   196
0   151   0   126   140   137   156
0   0   0   201   202   0   225
0   196   201   0   203   0   199
0   123   142   0   147   133   0
121   0   0   0   0   144   147
130   0   131   131   0   121   117
194   211   206   219   0   192   0
200   0   0   196   0   0   0
223   0   198   0   196   0   205
0   175   156   0   167   162   0
275   0   0   0   0   271   0
191   221   0   0   0   217   228
201   0   206   207   0   0   0
216   0   0   214   0   224   221
121   0   0   0   0   0   150
0   211   217   197   0   0   200
0   139   146   0   0   0   0
0   131   150   0   0   163   0
0   199   0   0   0   0   0
0   220   192   211   211   188   194
0   207   0   0   0   221   219
232   0   207   204   0   0   219
0   0   0   156   0   142   0
0   0   185   0   174   0   0
0   218   0   212   223   0   218
144   132   0   157   0   142   150
126   157   140   156   159   0   0
191   227   225   0   184   206   199
146   170   156   0   153   139   0
229   0   0   198   0   208   0
155   0   145   0   149   0   0
0   0   204   223   227   0   0
0   0   0   265   0   0   0
199   0   0   0   195   0   206
0   199   221   0   190   199   196
110   130   129   0   145   0   0
223   0   0   0   0   0   0
0   0   0   215   218   0   219
0   251   0   0   267   246   258
207   212   193   0   0   199   0
222   200   220   212   0   0   225
0   141   150   0   0   0   0
0   0   223   218   0   0   0
0   0   0   0   0   176   175
0   0   150   170   164   141   165
0   150   0   136   158   0   149
226   205   211   0   196   201   0
0   0   0   0   0   0   171
0   0   0   0   272   0   0
0   204   219   0   184   0   0
0   205   202   204   0   194   214
0   225   0   226   191   0   200
0   0   0   228   0   220   192
0   172   200   0   161   0   171
0   224   213   219   210   0   0
224   220   220   217   0   0   0
0   156   122   127   0   0   0
265   0   0   270   276   247   241
0   131   0   115   126   0   135
150   139   155   141   0   0   157
0   0   0   0   220   0   0
129   0   131   0   140   144   0
0   0   192   0   0   191   0
179   187   173   0   0   185   0
0   0   189   0   0   0   195
0   0   209   0   0   0   0
0   197   0   198   0   0   198
0   120   0   0   0   0   0
0   186   210   204   202   224   0
0   212   229   0   222   201   193
171   171   173   167   184   162   0
254   0   259   251   0   0   0
133   147   0   0   0   142   146
0   143   107   0   123   112   112
213   217   0   188   0   199   197
