1   1   4
3   1   4
5   1   2
6   1   10
10   1   2
14   1   2
18   1   6
19   1   2
20   1   2
22   1   8
28   1   6
30   1   4
33   1   2
34   1   6
35   1   2
37   1   10
39   1   8
41   1   6
44   1   10
47   1   4
49   1   4
1   2   10
5   2   6
7   2   4
11   2   8
15   2   4
16   2   4
17   2   8
19   2   4
20   2   8
21   2   8
24   2   6
28   2   10
30   2   4
31   2   10
32   2   4
37   2   6
38   2   10
39   2   6
44   2   10
47   2   4
49   2   8
1   3   8
3   3   8
5   3   2
6   3   2
9   3   2
11   3   6
13   3   4
15   3   10
16   3   4
18   3   4
23   3   4
24   3   6
28   3   10
33   3   8
34   3   2
36   3   4
38   3   2
40   3   4
45   3   4
46   3   6
50   3   2
2   4   8
5   4   8
6   4   8
7   4   4
8   4   4
13   4   8
14   4   10
16   4   8
18   4   10
19   4   4
20   4   2
21   4   8
23   4   6
25   4   6
26   4   8
28   4   6
31   4   6
35   4   6
36   4   8
38   4   6
39   4   2
43   4   6
44   4   10
46   4   10
47   4   2
48   4   8
49   4   8
1   5   10
2   5   10
6   5   10
9   5   8
12   5   8
13   5   6
14   5   8
16   5   4
19   5   2
21   5   4
23   5   2
28   5   8
29   5   4
30   5   2
32   5   4
33   5   4
34   5   10
35   5   8
36   5   4
43   5   10
44   5   10
45   5   6
46   5   6
47   5   4
48   5   2
49   5   2
50   5   2
3   6   10
4   6   2
9   6   10
11   6   10
12   6   2
16   6   6
20   6   4
22   6   4
24   6   4
25   6   4
26   6   6
29   6   10
31   6   4
32   6   6
36   6   2
37   6   8
39   6   4
41   6   4
43   6   8
44   6   6
45   6   4
46   6   10
47   6   2
48   6   2
49   6   8
50   6   6
4   7   4
7   7   2
8   7   8
12   7   8
14   7   8
16   7   6
17   7   4
18   7   10
25   7   10
27   7   6
30   7   8
34   7   8
37   7   6
43   7   6
44   7   10
45   7   6
46   7   4
48   7   8
3   8   2
5   8   2
6   8   10
7   8   4
10   8   4
12   8   10
14   8   2
22   8   2
24   8   2
26   8   10
27   8   2
28   8   2
29   8   2
30   8   10
35   8   2
40   8   4
42   8   10
43   8   10
45   8   2
46   8   10
48   8   2
50   8   10
