1   1   4
3   1   4
5   1   10
8   1   8
11   1   2
13   1   2
16   1   2
18   1   2
19   1   4
21   1   6
22   1   2
23   1   10
24   1   2
25   1   2
27   1   10
29   1   10
30   1   8
36   1   2
37   1   10
38   1   6
40   1   6
42   1   4
43   1   4
44   1   6
45   1   6
49   1   2
51   1   6
54   1   6
58   1   2
59   1   8
63   1   6
64   1   4
67   1   10
69   1   10
71   1   10
73   1   4
77   1   8
78   1   4
1   2   10
9   2   2
10   2   4
11   2   10
15   2   8
17   2   4
18   2   6
20   2   8
22   2   4
23   2   4
24   2   4
25   2   8
27   2   10
28   2   8
29   2   4
32   2   6
33   2   6
36   2   10
37   2   10
40   2   10
42   2   4
43   2   10
45   2   10
46   2   10
47   2   4
48   2   4
50   2   10
53   2   6
54   2   6
58   2   4
59   2   6
64   2   2
67   2   10
69   2   10
73   2   4
74   2   6
75   2   2
77   2   10
78   2   8
1   3   8
3   3   8
6   3   8
7   3   4
8   3   8
9   3   2
14   3   4
15   3   6
17   3   10
18   3   10
19   3   8
21   3   4
23   3   8
26   3   8
31   3   4
32   3   2
33   3   6
37   3   4
38   3   10
40   3   10
44   3   8
49   3   8
51   3   2
52   3   8
53   3   4
54   3   4
55   3   2
56   3   4
57   3   2
58   3   10
60   3   8
62   3   4
64   3   8
65   3   6
70   3   4
71   3   8
72   3   6
74   3   10
77   3   8
79   3   8
80   3   2
2   4   8
5   4   2
6   4   6
10   4   4
11   4   10
12   4   4
14   4   10
16   4   10
21   4   10
22   4   4
25   4   2
26   4   4
27   4   2
28   4   8
29   4   4
31   4   6
32   4   8
34   4   6
35   4   8
36   4   2
37   4   6
40   4   6
43   4   8
44   4   8
45   4   2
46   4   6
53   4   8
56   4   8
58   4   10
59   4   2
60   4   6
64   4   8
65   4   2
67   4   10
68   4   6
69   4   10
71   4   6
72   4   10
73   4   2
75   4   6
76   4   8
77   4   2
78   4   8
1   5   10
2   5   10
5   5   10
8   5   10
9   5   6
14   5   4
16   5   8
19   5   2
22   5   2
23   5   6
24   5   6
28   5   4
29   5   2
31   5   2
40   5   8
41   5   4
42   5   2
43   5   8
47   5   4
49   5   4
51   5   10
53   5   8
54   5   8
55   5   2
56   5   4
61   5   8
65   5   8
67   5   8
68   5   10
69   5   10
70   5   6
71   5   8
72   5   6
73   5   4
76   5   2
77   5   6
78   5   2
79   5   2
80   5   2
3   6   10
4   6   2
5   6   8
9   6   2
14   6   6
15   6   10
19   6   10
25   6   4
27   6   6
29   6   6
30   6   4
33   6   4
34   6   4
35   6   6
37   6   4
41   6   10
43   6   2
45   6   6
46   6   4
47   6   6
48   6   10
52   6   6
56   6   2
57   6   2
59   6   4
63   6   4
64   6   10
68   6   8
69   6   6
70   6   4
71   6   6
72   6   10
73   6   2
75   6   6
76   6   2
78   6   8
79   6   8
80   6   6
4   7   4
5   7   4
9   7   6
10   7   2
11   7   8
12   7   8
16   7   8
19   7   4
20   7   4
21   7   10
27   7   8
32   7   6
34   7   10
36   7   8
37   7   8
39   7   6
42   7   8
43   7   2
45   7   6
50   7   8
51   7   8
52   7   2
54   7   10
55   7   4
57   7   2
60   7   2
64   7   2
68   7   6
69   7   10
70   7   6
72   7   4
75   7   4
76   7   8
79   7   8
3   8   2
5   8   4
10   8   4
13   8   4
14   8   10
16   8   2
18   8   4
19   8   8
24   8   4
30   8   2
32   8   4
33   8   2
35   8   10
36   8   6
39   8   2
40   8   2
41   8   2
42   8   10
45   8   2
53   8   4
57   8   4
58   8   6
62   8   4
64   8   2
65   8   10
66   8   10
67   8   10
68   8   10
70   8   2
72   8   10
74   8   10
76   8   2
77   8   8
79   8   6
80   8   10
