168   176   172   180   0   0   0
0   0   268   0   265   254   270
0   0   0   0   114   114   0
0   0   0   196   0   212   0
205   215   0   203   212   189   221
0   192   0   188   0   0   167
0   136   0   120   128   158   0
0   0   241   0   251   255   262
266   248   0   0   245   272   0
201   208   188   225   0   188   220
201   0   0   0   0   0   188
204   219   0   0   0   216   217
0   0   159   148   0   146   0
0   0   206   0   199   0   192
0   141   0   133   172   0   0
0   0   0   221   0   0   190
0   216   193   193   193   196   209
191   0   230   0   0   0   0
0   0   0   120   0   133   0
188   0   195   189   0   165   181
0   0   124   0   0   0   0
0   244   255   254   279   0   270
210   220   0   222   0   225   0
215   0   232   0   0   201   0
138   158   139   155   144   0   0
222   0   218   0   201   198   0
0   0   198   195   0   196   206
143   0   0   0   125   0   0
124   133   115   129   108   0   0
0   241   0   0   234   284   262
208   0   206   184   0   232   192
229   216   0   0   219   202   198
246   258   0   262   251   234   274
0   0   0   0   0   0   206
204   193   218   214   184   0   0
229   0   0   215   209   0   211
192   0   0   0   219   0   212
0   159   145   124   0   154   0
208   184   0   0   225   0   190
0   221   0   0   205   212   195
192   0   0   0   0   184   195
0   224   0   0   219   221   211
0   199   0   0   0   0   195
197   194   0   219   191   204   0
0   0   0   225   195   0   192
215   225   0   0   211   0   207
0   204   0   194   0   224   217
210   193   221   229   0   226   193
137   0   131   150   0   123   0
216   183   0   199   0   0   212
134   167   159   150   0   0   135
220   0   215   207   0   208   212
160   157   151   135   174   152   177
0   0   0   0   190   0   0
0   0   0   168   185   175   0
0   212   216   196   0   218   0
168   0   139   148   137   0   0
0   163   165   164   0   146   0
0   137   140   0   0   0   0
0   0   229   199   213   196   203
218   195   0   198   0   0   223
0   101   101   0   0   0   0
0   0   0   0   0   0   143
131   0   0   0   0   109   127
0   0   0   224   210   0   0
201   185   219   0   0   0   0
0   131   109   123   0   125   145
0   0   0   224   199   215   0
0   0   205   204   0   195   192
199   193   213   224   191   230   0
156   138   0   0   163   137   131
207   232   0   226   217   0   194
0   0   229   224   226   0   213
0   0   0   0   154   121   0
197   0   0   0   0   186   0
227   219   190   221   198   0   0
0   208   0   0   0   198   206
0   0   165   146   168   0   177
195   203   212   0   195   216   0
219   0   184   193   0   204   0
0   0   0   165   139   141   138
218   0   218   0   199   0   207
0   0   0   0   197   199   0
132   124   144   124   0   153   137
199   197   215   191   0   0   0
211   216   218   222   219   0   214
0   153   0   0   163   166   0
153   0   0   127   0   138   127
0   160   142   149   126   0   160
0   267   0   0   272   0   0
173   0   0   165   0   186   0
0   0   133   0   121   0   133
0   0   122   0   0   150   153
0   174   134   0   136   147   0
0   211   0   214   207   0   0
191   0   0   0   0   0   184
197   0   0   0   0   0   218
0   205   214   0   0   0   199
0   190   224   203   0   211   0
0   103   117   0   0   0   0
207   211   225   192   0   195   196
157   0   0   142   159   0   0
0   165   0   182   0   0   0
260   0   284   238   278   0   0
186   210   211   226   0   0   196
0   164   195   0   0   0   0
234   0   257   247   264   268   248
198   211   0   0   207   209   0
109   118   129   0   0   124   0
152   140   164   0   156   0   0
0   202   229   203   194   189   192
0   141   0   139   111   0   0
0   0   224   0   220   199   0
0   0   116   124   0   116   133
120   0   110   0   0   0   0
0   0   159   0   143   141   129
212   221   0   193   0   0   0
0   210   193   208   220   197   0
0   0   0   203   0   204   232
139   0   0   118   116   126   0
196   0   231   215   190   0   212
193   0   0   171   0   162   0
176   0   0   0   158   147   0
0   0   188   203   216   212   0
0   216   0   218   219   0   203
0   194   0   194   0   0   0
0   274   268   0   260   282   0
217   0   0   0   188   195   195
143   158   146   0   152   0   0
0   186   172   0   164   0   182
201   0   184   0   0   0   195
0   0   159   0   0   159   0
0   0   124   131   0   0   150
199   197   197   0   206   0   0
0   134   0   142   125   0   128
264   264   287   0   253   262   262
197   230   186   0   212   200   0
220   0   198   0   213   0   227
0   0   0   0   221   206   234
0   219   216   223   226   210   0
0   143   0   0   146   152   0
212   225   0   199   0   0   0
187   167   0   0   0   0   191
210   0   0   217   220   220   0
0   171   0   0   0   0   197
115   0   0   0   0   0   121
0   126   0   0   154   0   149
0   222   0   223   0   202   0
208   0   231   0   186   0   0
122   124   0   126   0   0   0
203   220   0   221   200   198   207
222   227   215   0   0   205   239
129   140   146   145   0   0   0
0   125   135   140   137   0   0
168   175   0   148   155   0   160
0   0   0   0   0   131   148
281   0   242   257   266   0   259
0   216   0   217   198   216   0
0   202   0   0   0   0   0
0   0   0   0   244   262   270
0   122   110   0   129   117   122
0   0   0   0   160   142   0
130   146   0   135   0   0   130
0   226   202   228   0   193   219
226   197   0   0   0   0   0
206   216   0   194   212   197   215
270   259   254   0   258   248   254
198   0   218   0   209   196   0
270   268   0   0   0   0   257
0   0   177   166   0   0   171
0   157   0   160   0   140   131
183   0   0   0   0   0   0
0   232   0   198   0   0   0
139   112   127   0   115   107   105
0   0   0   0   0   161   0
0   166   171   0   172   152   0
0   153   150   171   172   0   0
150   0   122   149   0   136   0
0   0   0   0   0   204   0
149   0   149   0   169   158   0
191   0   0   172   0   158   170
0   148   0   128   0   124   151
0   155   152   0   137   0   134
0   168   0   160   0   154   0
131   0   0   140   158   0   0
0   0   191   228   0   197   199
0   0   0   170   0   181   0
0   0   128   135   0   121   128
129   146   143   149   0   0   148
0   0   240   238   0   269   255
0   155   122   0   129   152   0
0   0   0   202   227   221   0
0   188   184   0   0   176   170
154   0   136   129   0   0   0
0   0   0   0   0   0   259
219   0   0   0   225   0   0
196   0   195   0   222   201   182
225   190   0   206   216   210   0
205   0   226   223   204   0   216
190   0   0   0   0   0   0
0   202   0   0   191   0   224
0   199   233   201   186   0   222
0   0   215   188   207   208   212
0   165   0   202   0   184   0
0   0   194   198   0   0   205
203   185   0   202   200   204   0
248   264   0   268   265   0   270
221   200   0   222   216   0   0
0   0   0   0   0   0   165
187   208   0   0   184   185   210
0   0   0   0   0   196   195
214   221   0   221   0   0   0
0   184   162   191   189   0   170
0   0   0   134   0   151   0
0   0   199   0   190   217   0
0   0   133   0   0   0   0
0   0   0   222   191   0   193
0   197   0   0   216   0   224
0   0   0   0   0   196   0
0   225   209   0   0   217   0
0   129   0   0   0   149   0
195   217   0   210   0   229   0
0   160   0   143   150   0   0
0   234   0   247   0   281   236
0   191   0   0   0   0   196
0   0   0   0   140   119   112
0   172   0   0   165   166   0
0   0   0   155   167   0   0
203   0   220   0   231   0   0
213   223   0   0   186   226   194
192   0   198   0   0   0   0
272   0   0   0   0   0   275
218   0   0   214   211   197   0
225   217   195   0   0   0   0
125   127   0   0   0   123   111
0   101   0   134   0   0   0
222   203   0   218   0   0   203
0   0   218   222   189   0   212
232   220   0   0   223   198   0
227   226   0   228   223   215   196
0   160   0   143   147   0   168
0   223   225   0   209   218   207
142   0   0   0   0   174   0
0   159   0   0   0   163   0
0   213   0   211   0   212   208
0   182   181   0   178   0   164
0   227   0   0   0   228   210
207   215   217   218   199   222   0
0   194   0   195   0   0   0
127   0   0   124   0   128   0
169   155   0   0   146   138   157
0   203   207   0   0   0   227
165   159   168   0   0   0   0
210   0   0   0   0   207   0
0   161   0   0   146   0   0
0   0   139   154   157   0   0
0   115   112   0   0   132   141
0   0   0   0   160   140   0
195   206   196   0   201   0   0
0   123   0   138   128   159   0
153   159   0   0   121   0   0
199   200   195   0   205   0   212
187   204   0   0   216   223   197
167   150   0   158   0   153   161
112   0   144   0   141   0   0
149   156   0   174   146   0   173
203   203   0   212   199   224   0
208   0   204   199   211   219   222
168   0   154   0   0   0   0
172   0   0   0   171   0   0
133   159   144   140   0   132   151
0   191   205   0   197   0   0
0   0   182   0   0   0   0
0   142   0   166   152   0   139
206   226   0   200   227   188   226
0   0   160   168   0   0   0
193   215   207   196   223   0   209
173   186   173   0   171   0   164
0   144   167   149   169   171   0
110   149   135   132   116   140   0
190   0   0   0   223   0   0
0   0   0   214   0   0   0
138   0   113   134   120   119   0
0   0   0   0   128   151   0
258   277   0   0   0   0   0
0   192   201   202   207   0   219
0   128   0   0   111   118   0
206   0   221   212   0   210   193
0   0   0   198   0   0   0
0   0   169   0   0   0   188
112   136   115   0   138   0   0
0   0   0   217   0   221   200
0   253   250   0   0   0   0
198   208   205   205   201   0   0
218   190   219   217   221   201   215
126   0   140   0   157   0   0
0   0   143   0   125   137   0
0   0   229   0   188   218   208
138   145   0   0   163   0   156
0   0   0   142   150   0   0
0   0   174   174   162   0   0
194   0   0   201   182   195   0
0   146   0   0   0   152   137
126   126   0   0   0   0   111
143   123   0   149   139   159   121
197   0   228   228   0   0   0
0   0   139   130   108   0   0
0   0   225   0   0   0   217
0   123   137   0   125   0   145
0   0   0   143   0   0   0
190   0   194   0   221   0   0
183   171   0   164   168   0   0
0   0   185   0   0   202   190
0   148   0   123   149   0   0
0   0   0   146   155   141   0
0   0   0   0   0   197   0
226   226   0   0   194   229   0
222   0   229   0   201   0   0
214   0   222   231   0   195   0
176   0   196   179   164   172   202
0   0   0   0   0   148   174
0   169   157   0   143   0   158
198   0   0   0   226   0   213
194   221   0   200   199   0   0
0   267   265   265   268   267   0
0   0   131   0   0   0   0
0   251   0   237   245   0   0
213   0   0   0   0   223   0
199   0   0   196   0   0   224
222   226   213   220   190   226   209
129   115   127   0   130   0   121
0   0   0   189   190   0   205
0   0   146   0   0   0   0
144   133   0   144   0   117   0
172   0   0   0   169   0   0
0   190   0   0   0   0   186
0   244   0   249   245   263   0
204   223   206   0   0   0   210
0   0   130   0   0   126   0
129   118   0   107   0   0   137
0   0   218   0   203   0   201
0   0   218   203   215   200   200
0   0   0   203   218   0   219
150   128   0   145   137   147   127
0   0   199   0   0   197   0
193   201   0   228   220   198   225
144   175   0   177   0   0   151
141   136   0   0   0   0   166
0   0   243   274   0   242   0
223   208   220   0   216   0   196
196   223   0   212   0   0   192
167   0   0   0   0   192   0
188   0   0   0   221   212   202
0   206   0   0   217   0   0
116   128   110   0   0   132   111
0   200   184   0   175   161   175
196   197   222   0   0   0   0
0   214   196   0   0   0   0
0   198   0   0   0   184   0
0   212   216   0   0   0   0
0   0   155   150   129   155   0
0   206   212   194   0   202   197
0   0   0   0   0   0   211
0   199   184   0   203   231   219
0   214   0   0   0   0   0
150   0   127   0   150   156   146
0   219   209   220   0   210   224
0   0   0   224   191   0   213
0   0   146   0   0   0   136
226   215   183   193   0   224   0
218   214   0   217   195   0   0
0   225   0   199   0   0   206
209   208   192   0   0   0   0
252   253   264   0   277   0   267
116   114   125   0   0   0   0
0   0   0   0   202   215   0
0   0   141   129   125   111   119
0   0   275   0   0   0   0
0   265   0   0   0   0   279
220   0   0   0   0   0   201
131   125   106   107   0   123   0
0   238   270   0   251   270   0
213   0   208   0   213   210   0
0   0   232   0   221   181   216
155   0   153   137   163   0   153
143   0   149   136   0   0   138
0   191   0   0   220   219   204
0   0   155   0   154   0   0
0   221   0   0   0   0   0
0   0   188   204   0   227   0
158   171   0   170   140   150   0
0   0   0   0   132   136   0
0   202   200   193   0   194   184
200   0   0   205   215   0   0
278   259   273   0   263   243   232
0   219   190   222   210   0   215
211   0   0   222   0   0   0
0   219   0   225   0   0   201
0   205   196   0   0   0   0
0   0   156   141   0   0   0
200   228   220   213   0   0   0
176   201   170   0   196   0   0
0   0   212   201   219   211   228
171   0   137   0   0   0   153
194   0   197   206   213   199   221
0   0   141   162   137   0   156
0   201   0   191   0   181   233
194   0   218   233   0   0   205
132   143   145   146   0   145   0
212   219   202   0   220   190   214
259   244   0   0   0   260   283
220   186   0   213   0   0   0
0   0   210   196   188   186   0
182   0   0   167   182   0   175
0   194   0   204   0   0   205
0   0   167   172   184   0   197
193   188   201   0   0   0   0
0   274   0   0   262   0   0
0   218   0   226   221   212   0
141   0   0   0   0   118   0
166   156   0   0   158   158   0
221   228   202   227   186   229   0
0   0   267   0   0   284   0
170   0   0   0   192   191   0
0   138   133   0   139   139   150
155   0   0   0   146   0   157
148   0   0   150   0   0   0
170   173   149   0   156   0   0
0   0   194   220   0   196   0
0   0   0   0   152   0   0
0   0   159   142   0   162   135
198   0   0   224   0   208   0
0   139   122   0   143   0   119
199   0   0   0   167   0   171
135   0   0   150   137   153   0
0   217   0   0   0   194   0
0   0   151   0   0   0   139
0   160   0   0   194   191   186
0   0   147   155   149   150   0
0   0   0   254   0   0   268
0   0   242   264   268   0   257
0   194   0   223   230   0   0
215   0   201   0   0   0   0
198   234   214   221   206   222   210
0   0   162   165   175   168   0
209   0   0   0   0   0   185
157   0   159   0   148   0   0
141   0   160   155   0   0   167
0   0   167   0   151   135   0
0   0   0   0   0   199   0
202   0   0   212   0   213   0
0   0   216   0   0   224   210
220   191   225   0   200   0   200
196   184   226   0   214   187   211
0   201   173   0   0   170   191
203   0   0   0   193   229   0
0   186   189   0   167   0   0
0   208   196   0   196   210   0
134   0   0   0   138   138   0
276   267   0   262   274   272   0
185   0   197   205   201   0   195
0   161   0   0   0   0   0
202   229   0   0   224   0   0
188   231   199   224   196   0   201
193   0   0   0   0   0   196
0   155   136   135   0   146   0
0   0   192   220   216   0   195
0   0   210   196   0   207   222
0   0   167   0   0   0   135
0   0   178   0   0   0   0
192   192   188   190   0   215   198
0   212   0   0   0   205   0
0   0   0   0   144   0   0
0   0   144   145   163   167   142
0   131   125   0   0   122   0
0   0   220   215   0   195   206
0   221   0   218   0   188   0
0   0   216   0   208   220   221
213   211   0   0   0   206   0
212   0   207   188   0   198   220
116   136   125   112   113   0   0
0   0   0   0   0   227   0
0   0   202   0   219   213   0
0   0   0   113   145   0   119
143   0   0   0   144   0   0
0   196   205   0   0   0   215
163   161   157   0   147   171   0
224   224   215   204   211   0   224
0   0   0   207   224   0   208
0   0   227   221   234   0   225
0   0   204   191   0   0   0
0   224   0   0   0   185   203
206   0   214   0   0   0   193
168   151   172   135   161   160   166
221   0   0   199   0   0   210
198   0   0   169   0   195   0
0   211   229   0   204   230   194
244   284   0   0   263   275   275
226   228   0   202   193   224   229
269   290   275   277   0   272   0
0   214   0   214   187   202   209
209   0   0   202   0   206   214
0   0   248   0   0   268   275
220   0   0   0   211   0   189
119   0   0   130   0   122   0
0   0   201   0   0   0   190
220   0   193   0   0   0   196
0   0   0   201   202   0   225
0   196   201   0   203   0   199
0   148   150   0   0   166   173
0   0   0   175   194   188   190
115   122   0   0   121   126   0
121   0   0   0   0   144   147
130   0   131   131   0   121   117
200   0   0   196   0   0   0
223   0   198   0   196   0   205
0   229   194   207   219   0   192
122   0   119   121   0   135   118
191   221   0   0   0   217   228
201   0   206   207   0   0   0
0   0   0   193   0   212   217
113   117   114   0   135   0   126
0   0   123   0   143   0   151
216   0   0   214   0   224   221
121   0   0   0   0   0   150
0   211   217   197   0   0   200
169   0   162   0   0   0   0
0   131   150   0   0   163   0
232   0   207   204   0   0   219
0   0   0   156   0   142   0
0   0   185   0   174   0   0
171   172   152   138   0   0   0
0   203   0   193   206   0   0
0   218   0   212   223   0   218
144   132   0   157   0   142   150
228   0   189   0   217   194   185
126   157   140   156   159   0   0
172   0   0   186   0   191   0
0   0   142   0   117   115   115
0   140   0   0   154   0   145
0   0   233   0   207   0   193
191   227   225   0   184   206   199
193   173   0   0   192   0   0
197   0   0   195   205   190   0
136   151   0   170   0   0   156
0   214   0   0   222   225   220
229   0   0   198   0   208   0
155   0   145   0   149   0   0
202   203   0   197   199   0   218
0   0   190   0   0   0   173
107   116   128   109   117   0   136
206   199   212   0   0   210   0
0   0   0   265   0   0   0
199   0   0   0   195   0   206
187   216   192   224   199   229   0
0   0   0   234   0   192   0
0   128   0   0   0   0   133
0   199   221   0   190   199   196
0   265   251   281   0   0   0
110   130   129   0   145   0   0
0   204   195   222   0   0   0
0   155   0   0   0   0   138
0   0   0   215   218   0   219
222   200   220   212   0   0   225
0   0   223   218   0   0   0
0   0   0   0   0   176   175
0   0   183   0   0   172   177
0   150   0   136   158   0   149
204   171   197   0   0   0   193
0   0   0   126   143   0   0
0   0   0   0   0   0   171
0   0   0   0   272   0   0
0   205   202   204   0   194   214
0   139   133   108   0   0   0
0   172   200   0   161   0   171
208   229   194   191   0   0   0
0   205   0   212   188   0   0
0   0   0   156   0   0   123
150   139   155   141   0   0   157
0   0   0   0   220   0   0
187   194   193   161   0   0   190
226   0   216   0   0   227   208
0   0   192   0   0   191   0
179   187   173   0   0   185   0
0   0   109   0   0   114   108
0   0   209   0   0   0   0
0   197   0   198   0   0   198
0   0   0   151   0   142   145
0   186   210   204   202   224   0
192   0   0   204   0   0   215
0   154   0   0   143   149   0
107   140   131   130   0   0   110
150   0   154   148   170   169   0
0   0   156   0   0   157   133
133   147   0   0   0   142   146
0   143   107   0   123   112   112
0   0   153   159   0   0   0
213   217   0   188   0   199   197
0   152   0   128   0   131   0
143   161   0   0   146   153   0
