1   1   4
4   1   10
5   1   2
7   1   8
10   1   2
13   1   2
15   1   2
17   1   2
19   1   10
21   1   4
23   1   6
24   1   2
25   1   10
26   1   2
27   1   2
29   1   10
31   1   10
32   1   8
37   1   2
38   1   10
39   1   6
41   1   6
43   1   4
44   1   6
48   1   10
49   1   6
50   1   2
55   1   10
59   1   2
62   1   6
63   1   4
65   1   10
68   1   6
69   1   10
71   1   10
73   1   4
76   1   2
78   1   4
1   2   10
5   2   6
8   2   2
9   2   4
10   2   10
18   2   4
20   2   4
22   2   8
24   2   4
25   2   4
26   2   4
27   2   8
29   2   10
30   2   8
31   2   4
34   2   6
35   2   6
37   2   10
38   2   10
41   2   10
43   2   10
45   2   10
46   2   4
47   2   4
48   2   8
52   2   6
55   2   6
56   2   10
57   2   10
59   2   4
63   2   2
65   2   10
67   2   2
68   2   2
69   2   10
73   2   4
74   2   6
75   2   2
78   2   8
1   3   8
5   3   2
6   3   4
7   3   8
8   3   2
12   3   2
14   3   4
15   3   8
18   3   10
19   3   6
20   3   4
21   3   8
23   3   4
25   3   8
28   3   8
33   3   4
34   3   2
35   3   6
38   3   4
39   3   10
41   3   10
44   3   8
48   3   10
49   3   2
51   3   8
52   3   4
53   3   2
54   3   4
56   3   2
58   3   2
59   3   10
60   3   8
63   3   8
66   3   6
67   3   2
70   3   4
71   3   8
72   3   6
74   3   10
76   3   10
79   3   8
80   3   2
2   4   8
4   4   2
5   4   8
9   4   4
10   4   10
11   4   4
14   4   10
17   4   10
20   4   8
23   4   10
24   4   4
27   4   2
28   4   4
29   4   2
30   4   8
31   4   4
33   4   6
34   4   8
36   4   8
37   4   2
38   4   6
41   4   6
43   4   8
44   4   8
45   4   6
48   4   2
50   4   6
52   4   8
54   4   8
56   4   6
57   4   2
59   4   10
60   4   6
63   4   8
65   4   10
67   4   8
69   4   10
71   4   6
72   4   10
73   4   2
75   4   6
76   4   10
77   4   8
78   4   8
1   5   10
2   5   10
4   5   10
7   5   10
8   5   6
12   5   8
14   5   4
16   5   8
17   5   8
20   5   4
21   5   2
24   5   2
25   5   6
26   5   6
30   5   4
31   5   2
33   5   2
41   5   8
42   5   4
43   5   8
46   5   4
49   5   10
50   5   8
52   5   8
53   5   2
54   5   4
57   5   10
61   5   8
65   5   8
67   5   6
69   5   10
70   5   6
71   5   8
72   5   6
73   5   4
76   5   2
77   5   2
78   5   2
79   5   2
80   5   2
3   6   2
4   6   8
8   6   2
12   6   10
14   6   6
15   6   6
16   6   2
19   6   10
20   6   6
21   6   10
27   6   4
29   6   6
31   6   6
32   6   4
35   6   4
36   6   6
38   6   4
42   6   10
43   6   2
45   6   4
46   6   6
47   6   10
51   6   6
54   6   2
55   6   8
57   6   4
58   6   2
62   6   4
63   6   10
66   6   8
69   6   6
70   6   4
71   6   6
72   6   10
73   6   2
75   6   6
77   6   2
78   6   8
79   6   8
80   6   6
3   7   4
4   7   4
8   7   6
9   7   2
10   7   8
11   7   8
16   7   8
17   7   8
20   7   6
21   7   4
22   7   4
23   7   10
29   7   8
34   7   6
37   7   8
38   7   8
40   7   6
43   7   2
48   7   6
49   7   8
51   7   2
53   7   4
55   7   6
58   7   2
60   7   2
63   7   2
67   7   8
69   7   10
70   7   6
72   7   4
75   7   4
76   7   8
77   7   8
79   7   8
4   8   4
5   8   2
9   8   4
13   8   4
14   8   10
16   8   10
17   8   2
19   8   6
21   8   8
26   8   4
32   8   2
34   8   4
35   8   2
36   8   10
37   8   6
40   8   2
41   8   2
42   8   2
50   8   2
52   8   4
57   8   2
58   8   4
59   8   6
63   8   2
64   8   10
65   8   10
67   8   8
70   8   2
72   8   10
74   8   10
77   8   2
79   8   6
80   8   10
