1   1   4
2   1   4
4   1   10
5   1   2
6   1   8
8   1   10
10   1   2
13   1   2
16   1   2
19   1   10
20   1   2
22   1   4
24   1   6
25   1   2
28   1   10
29   1   8
33   1   2
34   1   10
35   1   6
39   1   6
40   1   4
41   1   8
42   1   4
43   1   6
48   1   10
49   1   6
50   1   2
52   1   6
55   1   10
57   1   2
58   1   8
62   1   6
65   1   10
69   1   6
70   1   10
72   1   10
74   1   4
77   1   2
79   1   8
80   1   4
1   2   10
5   2   6
7   2   2
9   2   4
10   2   10
15   2   8
20   2   6
21   2   4
23   2   8
25   2   8
27   2   8
28   2   4
30   2   6
31   2   6
33   2   10
34   2   10
36   2   6
37   2   4
39   2   10
40   2   4
42   2   10
44   2   10
45   2   4
46   2   4
47   2   10
48   2   8
51   2   6
52   2   6
55   2   6
56   2   10
57   2   4
58   2   6
65   2   10
68   2   2
69   2   2
70   2   10
74   2   4
75   2   6
76   2   2
79   2   10
80   2   8
1   3   8
2   3   8
5   3   2
6   3   8
7   3   2
8   3   2
12   3   2
14   3   4
15   3   6
16   3   8
18   3   4
19   3   6
20   3   10
21   3   4
22   3   8
24   3   4
26   3   8
30   3   2
31   3   6
34   3   4
35   3   10
36   3   2
39   3   10
41   3   4
43   3   8
48   3   10
49   3   2
51   3   4
52   3   4
53   3   2
54   3   4
57   3   10
59   3   8
61   3   4
63   3   6
66   3   6
68   3   2
71   3   4
72   3   8
73   3   6
75   3   10
77   3   10
79   3   8
4   4   2
5   4   8
8   4   8
9   4   4
10   4   10
11   4   4
14   4   10
18   4   8
21   4   8
24   4   10
25   4   2
26   4   4
27   4   8
28   4   4
30   4   8
32   4   6
33   4   2
34   4   6
37   4   8
39   4   6
42   4   8
43   4   8
44   4   6
48   4   2
50   4   6
51   4   8
54   4   8
56   4   2
57   4   10
58   4   2
59   4   6
63   4   2
65   4   10
67   4   6
68   4   8
70   4   10
72   4   6
73   4   10
74   4   2
76   4   6
77   4   10
78   4   8
79   4   2
80   4   8
1   5   10
4   5   10
6   5   10
7   5   6
8   5   10
12   5   8
14   5   4
17   5   8
18   5   6
21   5   4
22   5   2
27   5   4
28   5   2
39   5   8
40   5   2
41   5   10
42   5   8
45   5   4
49   5   10
50   5   8
51   5   8
52   5   8
53   5   2
54   5   4
56   5   10
60   5   8
63   5   8
65   5   8
67   5   10
68   5   6
70   5   10
71   5   6
72   5   8
73   5   6
74   5   4
77   5   2
78   5   2
79   5   6
80   5   2
2   6   10
3   6   2
4   6   8
7   6   2
12   6   10
14   6   6
15   6   10
16   6   6
17   6   2
19   6   10
21   6   6
22   6   10
25   6   4
28   6   6
29   6   4
31   6   4
32   6   4
34   6   4
41   6   8
42   6   2
44   6   4
45   6   6
46   6   10
54   6   2
55   6   8
56   6   4
58   6   4
62   6   4
66   6   8
67   6   8
70   6   6
71   6   4
72   6   6
73   6   10
74   6   2
76   6   6
78   6   2
80   6   8
3   7   4
4   7   4
7   7   6
9   7   2
10   7   8
11   7   8
17   7   8
21   7   6
22   7   4
23   7   4
24   7   10
30   7   6
32   7   10
33   7   8
34   7   8
38   7   6
40   7   8
42   7   2
47   7   8
48   7   6
49   7   8
52   7   10
53   7   4
55   7   6
59   7   2
67   7   6
68   7   8
70   7   10
71   7   6
73   7   4
76   7   4
77   7   8
78   7   8
2   8   2
4   8   4
5   8   2
8   8   10
9   8   4
13   8   4
14   8   10
17   8   10
19   8   6
20   8   4
22   8   8
29   8   2
30   8   4
31   8   2
33   8   6
38   8   2
39   8   2
40   8   10
50   8   2
51   8   4
56   8   2
57   8   6
61   8   4
63   8   10
64   8   10
65   8   10
67   8   10
68   8   8
71   8   2
73   8   10
75   8   10
78   8   2
79   8   8
