1   1   4
2   1   4
3   1   2
5   1   2
8   1   2
10   1   10
12   1   10
13   1   2
14   1   2
17   1   8
22   1   10
23   1   6
25   1   4
26   1   4
27   1   6
28   1   6
32   1   2
33   1   10
39   1   2
41   1   6
44   1   10
46   1   6
48   1   2
49   1   4
1   2   10
3   2   6
4   2   4
5   2   10
9   2   4
11   2   8
12   2   4
13   2   4
14   2   8
16   2   8
18   2   6
19   2   6
22   2   10
23   2   10
25   2   4
26   2   10
28   2   10
29   2   10
30   2   4
31   2   4
33   2   8
34   2   6
37   2   10
39   2   4
44   2   10
45   2   2
46   2   2
47   2   2
49   2   8
1   3   8
2   3   8
3   3   2
7   3   4
9   3   10
10   3   6
12   3   8
15   3   8
18   3   2
19   3   6
22   3   4
23   3   10
27   3   8
32   3   8
33   3   10
34   3   4
35   3   2
36   3   4
37   3   2
38   3   2
39   3   10
42   3   6
45   3   2
48   3   10
50   3   8
3   4   8
4   4   4
5   4   10
6   4   4
7   4   10
8   4   10
14   4   2
15   4   4
16   4   8
18   4   8
20   4   6
21   4   8
22   4   6
23   4   6
26   4   8
27   4   8
28   4   2
29   4   6
33   4   2
34   4   8
36   4   8
37   4   6
39   4   10
42   4   2
44   4   10
45   4   8
47   4   6
48   4   10
49   4   8
1   5   10
7   5   4
8   5   8
12   5   6
13   5   6
16   5   4
23   5   8
24   5   4
25   5   2
26   5   8
30   5   4
32   5   4
34   5   8
35   5   2
36   5   4
40   5   8
42   5   8
44   5   8
45   5   6
48   5   2
49   5   2
50   5   2
2   6   10
7   6   6
10   6   10
14   6   4
17   6   4
19   6   4
20   6   4
21   6   6
22   6   4
24   6   10
26   6   2
28   6   6
29   6   4
30   6   6
31   6   10
36   6   2
38   6   2
41   6   4
47   6   6
49   6   8
50   6   8
4   7   2
5   7   8
6   7   8
8   7   8
11   7   4
18   7   6
20   7   10
22   7   8
25   7   8
26   7   2
28   7   6
33   7   6
35   7   4
38   7   2
45   7   8
47   7   4
48   7   8
50   7   8
2   8   2
3   8   2
4   8   4
7   8   10
8   8   2
10   8   6
13   8   4
17   8   2
18   8   4
19   8   2
21   8   10
23   8   2
24   8   2
25   8   10
28   8   2
34   8   4
38   8   4
39   8   6
42   8   10
43   8   10
44   8   10
45   8   8
50   8   6
