1   1   4
2   1   4
4   1   8
5   1   10
8   1   2
12   1   2
14   1   4
16   1   2
17   1   2
19   1   10
22   1   2
24   1   6
26   1   4
27   1   6
28   1   6
30   1   10
31   1   6
32   1   2
33   1   6
35   1   10
39   1   6
43   1   6
44   1   10
45   1   10
48   1   8
49   1   4
1   2   10
6   2   4
9   2   8
13   2   4
15   2   8
16   2   4
17   2   4
19   2   10
20   2   8
22   2   10
23   2   4
24   2   10
26   2   10
28   2   10
29   2   4
30   2   8
33   2   6
35   2   6
36   2   10
43   2   2
44   2   10
46   2   2
48   2   10
49   2   8
1   3   8
2   3   8
3   3   4
4   3   8
5   3   2
9   3   6
11   3   4
13   3   4
14   3   8
18   3   8
24   3   10
27   3   8
30   3   10
31   3   2
33   3   4
34   3   2
36   3   2
37   3   8
40   3   6
41   3   6
45   3   8
48   3   8
50   3   8
5   4   8
6   4   4
7   4   4
11   4   8
12   4   10
13   4   8
16   4   4
18   4   4
19   4   2
20   4   8
21   4   8
22   4   2
23   4   8
24   4   6
26   4   8
27   4   8
28   4   2
30   4   2
32   4   6
36   4   6
37   4   6
40   4   2
42   4   6
44   4   10
45   4   6
46   4   6
47   4   8
48   4   2
49   4   8
1   5   10
4   5   10
5   5   10
10   5   8
11   5   6
12   5   8
13   5   4
14   5   2
16   5   2
17   5   6
20   5   4
24   5   8
25   5   4
26   5   8
29   5   4
31   5   10
32   5   8
33   5   8
34   5   2
38   5   8
40   5   8
42   5   10
44   5   10
45   5   8
47   5   2
48   5   6
49   5   2
50   5   2
2   6   10
9   6   10
10   6   2
13   6   6
14   6   10
19   6   6
21   6   6
25   6   10
26   6   2
28   6   6
29   6   6
35   6   8
39   6   4
41   6   8
42   6   8
44   6   6
45   6   6
46   6   6
47   6   2
49   6   8
50   6   8
6   7   2
7   7   8
10   7   8
12   7   8
13   7   6
14   7   4
15   7   4
19   7   8
22   7   8
26   7   2
28   7   6
30   7   6
31   7   8
33   7   10
34   7   4
35   7   6
37   7   2
42   7   6
44   7   10
46   7   4
47   7   8
50   7   8
2   8   2
5   8   10
6   8   4
8   8   4
10   8   10
12   8   2
14   8   8
17   8   4
21   8   10
22   8   6
24   8   2
25   8   2
28   8   2
32   8   2
40   8   10
42   8   10
47   8   2
48   8   8
50   8   6
