2   1   4
3   1   2
5   1   8
6   1   2
8   1   2
12   1   2
16   1   2
17   1   2
19   1   10
22   1   2
23   1   10
25   1   4
26   1   8
27   1   4
28   1   6
31   1   10
33   1   6
36   1   8
38   1   6
39   1   4
42   1   10
48   1   4
3   2   6
6   2   10
10   2   8
13   2   4
14   2   4
15   2   8
16   2   4
17   2   8
19   2   4
20   2   6
22   2   10
23   2   10
25   2   4
27   2   10
29   2   10
30   2   10
31   2   8
32   2   6
33   2   6
34   2   10
35   2   10
36   2   6
39   2   2
42   2   10
47   2   6
48   2   8
2   3   8
3   3   2
4   3   4
5   3   8
9   3   4
10   3   6
11   3   4
13   3   10
14   3   4
18   3   8
20   3   6
23   3   4
26   3   4
28   3   8
31   3   10
32   3   4
33   3   4
34   3   2
37   3   4
39   3   8
40   3   6
43   3   6
45   3   4
46   3   6
47   3   10
49   3   8
50   3   2
1   4   8
3   4   8
6   4   10
7   4   4
9   4   10
11   4   8
12   4   10
14   4   8
17   4   2
18   4   4
19   4   4
21   4   6
22   4   2
23   4   6
27   4   8
28   4   8
29   4   6
31   4   2
32   4   8
34   4   6
35   4   2
36   4   2
39   4   8
40   4   2
42   4   10
44   4   6
46   4   10
48   4   8
1   5   10
5   5   10
9   5   4
11   5   6
12   5   8
14   5   4
16   5   6
19   5   2
25   5   2
26   5   10
27   5   8
32   5   8
33   5   8
35   5   10
40   5   8
42   5   8
44   5   10
45   5   6
46   5   6
48   5   2
49   5   2
50   5   2
2   6   10
9   6   6
10   6   10
14   6   6
17   6   4
19   6   6
20   6   4
21   6   4
23   6   4
26   6   8
27   6   2
29   6   4
35   6   4
36   6   4
38   6   4
39   6   10
43   6   8
44   6   8
45   6   4
46   6   10
48   6   8
49   6   8
50   6   6
6   7   8
7   7   8
12   7   8
14   7   6
15   7   4
21   7   10
22   7   8
23   7   8
24   7   6
25   7   8
27   7   2
30   7   8
31   7   6
33   7   10
39   7   2
44   7   6
45   7   6
46   7   4
49   7   8
2   8   2
3   8   2
8   8   4
9   8   10
12   8   2
16   8   4
20   8   2
22   8   6
24   8   2
25   8   10
32   8   4
35   8   2
37   8   4
39   8   2
40   8   10
41   8   10
42   8   10
44   8   10
45   8   2
46   8   10
47   8   10
49   8   6
50   8   10
