3   1   10
4   1   10
5   1   6
6   1   6
7   1   2
8   1   4
9   1   10
14   1   10
16   1   6
18   1   6
19   1   6
23   1   8
25   1   10
28   1   10
29   1   6
30   1   10
31   1   6
32   1   6
33   1   6
34   1   6
35   1   10
37   1   10
39   1   4
41   1   4
42   1   8
45   1   2
46   1   10
48   1   4
2   2   2
3   2   6
4   2   10
6   2   4
10   2   10
11   2   6
12   2   4
15   2   4
17   2   10
19   2   4
20   2   2
21   2   4
22   2   10
23   2   2
26   2   4
32   2   2
33   2   4
34   2   8
35   2   6
37   2   4
40   2   10
41   2   4
44   2   4
45   2   10
47   2   8
48   2   6
49   2   10
50   2   4
3   3   8
7   3   4
8   3   2
10   3   6
11   3   8
14   3   8
15   3   10
16   3   10
17   3   8
19   3   6
20   3   8
21   3   6
24   3   4
26   3   8
27   3   10
29   3   6
34   3   2
35   3   2
37   3   2
40   3   10
42   3   4
44   3   2
48   3   2
50   3   8
1   4   8
3   4   6
5   4   6
6   4   2
7   4   6
8   4   2
9   4   10
10   4   4
11   4   10
14   4   6
17   4   10
19   4   8
20   4   4
21   4   8
22   4   2
25   4   4
27   4   8
30   4   4
31   4   6
32   4   10
35   4   4
36   4   2
39   4   6
40   4   2
43   4   10
45   4   4
46   4   10
47   4   2
48   4   2
50   4   10
1   5   8
2   5   2
3   5   6
6   5   2
7   5   8
10   5   2
12   5   6
13   5   6
14   5   4
15   5   4
18   5   6
19   5   8
22   5   2
23   5   10
26   5   8
27   5   6
31   5   4
33   5   4
36   5   10
37   5   6
39   5   10
40   5   6
43   5   2
47   5   8
49   5   6
3   6   2
4   6   8
5   6   6
7   6   6
13   6   10
16   6   4
19   6   8
23   6   6
25   6   2
26   6   6
29   6   4
32   6   8
35   6   8
36   6   6
37   6   10
39   6   10
40   6   2
41   6   4
42   6   8
45   6   2
48   6   6
1   7   2
2   7   8
4   7   6
6   7   8
9   7   6
11   7   2
12   7   8
13   7   6
15   7   2
17   7   2
18   7   10
21   7   6
22   7   8
23   7   8
26   7   6
27   7   4
31   7   2
33   7   4
34   7   4
35   7   2
36   7   2
37   7   4
38   7   6
40   7   10
41   7   4
42   7   8
45   7   10
5   8   6
6   8   8
9   8   4
10   8   4
16   8   10
19   8   10
22   8   2
25   8   2
26   8   10
28   8   8
31   8   2
33   8   6
37   8   8
40   8   8
41   8   8
42   8   10
43   8   2
45   8   8
46   8   4
48   8   4
49   8   2
50   8   8
