0   0   147   148   146   0   0
0   0   196   0   0   0   0
148   0   0   0   0   0   147
0   196   192   0   192   194   193
148   148   0   0   0   148   148
169   0   171   0   0   0   0
193   0   0   0   195   0   197
146   0   0   148   148   148   147
196   197   0   0   196   0   194
0   170   0   169   0   0   0
0   0   147   0   146   0   0
0   193   195   0   194   0   0
0   0   196   192   193   192   194
196   0   197   193   195   197   197
0   0   0   192   0   192   0
0   196   197   194   0   0   195
195   193   0   196   195   0   0
197   0   197   194   0   0   0
193   193   192   0   0   195   193
0   124   0   124   124   0   124
0   0   0   197   0   0   196
0   0   197   192   195   0   196
171   173   173   0   173   0   0
192   193   0   0   0   195   0
0   124   0   0   124   124   124
0   0   146   147   148   148   148
135   0   0   136   0   136   135
0   148   0   148   148   148   148
136   0   135   136   0   136   136
0   0   148   0   148   0   0
192   0   196   0   0   197   0
148   0   0   148   0   148   0
135   0   136   0   0   135   0
194   0   193   197   193   0   0
194   0   196   0   0   193   194
0   0   192   194   0   192   0
0   245   0   0   243   245   0
0   0   0   0   0   135   136
0   192   196   194   0   0   195
193   194   196   0   197   0   0
124   124   0   0   124   123   124
0   0   0   0   0   0   112
136   135   136   0   0   136   0
0   172   0   171   0   0   171
0   136   136   135   135   136   0
0   0   148   0   0   148   147
0   0   195   194   0   195   192
193   0   195   0   0   0   194
0   147   0   0   0   0   0
0   147   0   0   0   148   0
0   239   239   244   239   245   243
0   194   0   0   192   194   195
0   0   195   0   0   197   0
245   239   0   0   0   239   0
0   0   0   169   0   170   169
192   194   192   196   197   193   194
135   0   0   0   0   135   136
0   0   0   0   171   170   0
0   0   124   0   123   0   0
0   135   136   136   0   0   135
0   0   169   171   0   173   0
124   0   124   124   124   123   123
0   0   245   240   241   240   239
196   0   197   194   196   196   194
240   240   0   0   241   245   245
0   0   124   0   124   124   0
0   0   196   195   0   0   196
194   0   0   194   0   0   0
196   0   192   0   195   194   0
0   0   0   0   0   243   0
0   147   146   0   148   147   147
195   0   0   193   192   0   193
0   195   193   197   0   192   0
148   148   146   0   0   148   148
0   148   0   0   148   0   146
0   0   0   0   0   0   194
0   135   0   0   0   136   135
147   0   146   0   0   148   0
196   194   196   0   0   0   194
0   0   0   0   196   0   193
0   123   123   0   124   0   124
0   0   241   241   243   0   0
0   147   148   147   148   0   0
0   197   0   197   0   192   197
112   0   112   112   0   0   112
0   0   195   0   0   0   193
0   0   147   147   0   0   148
136   0   0   135   135   0   0
0   245   244   0   0   0   0
0   173   172   171   172   0   0
0   196   192   193   0   0   196
135   0   136   0   135   0   0
0   0   0   0   0   193   0
0   0   0   0   0   147   146
0   135   0   0   136   136   0
0   196   0   0   192   0   0
0   192   0   0   0   196   196
0   0   0   192   0   0   195
196   0   195   196   0   192   0
0   173   0   171   0   0   0
136   0   0   135   0   135   0
0   194   196   0   0   0   0
0   0   194   0   195   0   197
192   0   0   0   194   192   0
0   0   0   112   0   0   112
192   196   192   197   0   193   0
0   135   0   135   0   136   136
0   0   0   135   136   136   136
0   239   0   0   240   239   0
0   0   124   124   0   0   124
169   0   0   0   170   169   0
0   194   0   192   192   192   194
197   194   0   192   192   0   0
195   196   194   196   0   0   0
0   192   0   0   0   0   0
0   0   0   0   245   245   240
171   172   169   171   0   0   0
193   197   196   0   193   194   196
124   0   0   124   0   124   124
244   0   0   241   239   245   244
0   169   0   173   172   173   0
0   195   194   0   193   0   195
148   147   0   148   0   148   0
0   170   169   0   173   0   0
0   148   148   0   0   148   0
0   243   0   0   0   241   241
124   123   124   0   0   0   0
0   0   0   0   0   195   195
135   0   135   0   136   135   0
197   0   0   193   0   193   0
135   135   135   0   135   0   135
0   195   197   192   0   0   0
193   0   0   0   0   192   0
148   0   0   0   146   147   146
0   0   0   243   0   239   0
195   196   0   0   0   0   0
0   171   0   0   0   0   0
0   135   135   0   136   0   135
195   0   0   0   0   195   0
136   0   136   0   0   135   0
0   135   135   0   135   136   0
0   196   194   194   195   196   194
0   194   0   0   194   0   196
148   0   148   148   148   0   146
148   0   0   148   147   148   148
0   193   0   0   193   0   0
0   195   0   196   0   197   195
0   0   0   193   197   192   0
0   195   0   196   0   195   192
0   0   197   0   0   0   197
0   196   0   197   193   0   197
136   135   0   135   136   136   136
0   147   0   147   148   148   0
147   0   0   0   148   148   146
193   0   0   194   194   197   195
0   192   0   0   0   0   194
195   0   0   0   194   196   0
0   148   0   148   0   0   0
0   0   193   0   194   0   0
171   169   172   171   0   0   0
195   192   0   197   193   197   194
0   245   0   239   0   239   0
194   192   0   0   193   195   197
0   0   0   0   0   195   197
0   0   0   195   0   194   0
194   194   197   0   0   197   195
171   170   171   171   170   171   0
148   148   148   147   0   0   0
0   195   0   0   194   0   0
124   123   124   123   123   124   124
0   239   0   239   0   0   0
0   0   240   0   241   243   240
147   0   0   146   0   0   148
0   146   146   148   0   146   0
241   245   239   0   0   0   245
0   148   148   0   0   148   147
193   194   0   192   0   0   194
173   171   0   0   172   170   169
169   0   170   0   0   0   0
245   0   244   0   239   244   0
196   195   0   0   196   192   197
0   245   240   244   239   0   0
123   124   123   0   124   123   124
196   0   0   0   0   194   0
0   0   193   197   196   192   195
192   0   0   0   196   192   192
193   0   195   0   0   0   193
148   0   148   0   148   0   147
0   0   195   197   193   0   0
0   0   135   0   0   136   135
136   135   0   0   0   0   135
192   0   193   193   194   0   0
0   195   0   0   192   196   0
170   0   0   0   170   0   0
194   192   192   0   0   196   0
148   148   0   0   148   147   0
245   0   0   0   0   245   0
0   0   0   0   194   0   0
0   0   0   0   193   0   192
0   239   245   241   245   241   0
0   124   124   0   0   123   0
112   0   0   112   112   112   112
136   0   135   0   0   0   0
0   0   0   0   0   195   0
0   196   0   0   0   0   0
135   136   0   136   0   0   136
0   195   0   192   0   197   196
0   135   0   0   135   0   135
0   0   0   0   195   0   0
0   0   197   0   0   0   0
148   0   148   147   0   0   0
0   193   0   195   0   192   192
172   171   0   171   169   0   0
0   192   0   194   0   0   0
124   0   123   124   0   124   124
0   192   193   0   194   192   195
192   0   197   0   197   0   192
135   135   136   0   0   136   136
0   136   136   136   0   135   0
196   0   195   193   0   194   195
171   0   0   0   172   170   0
112   112   0   112   0   112   0
192   194   0   0   0   0   0
147   146   0   147   0   146   0
124   0   123   124   123   0   0
0   193   194   196   0   0   194
240   0   245   243   243   0   239
0   170   0   0   171   0   172
0   0   0   148   147   0   0
0   136   0   0   0   0   135
0   193   194   0   197   0   0
124   0   0   123   124   0   0
193   0   0   197   192   0   197
0   169   172   0   0   173   172
146   0   0   0   0   0   146
135   135   0   136   136   0   135
193   0   0   193   0   197   193
195   0   196   192   0   0   192
136   136   0   0   0   136   0
0   135   0   0   135   0   135
0   0   0   0   196   196   0
147   148   0   0   148   0   0
0   196   0   0   192   0   0
136   0   0   0   0   136   135
197   194   0   0   0   0   197
148   0   148   148   147   148   0
0   0   197   195   0   0   0
0   0   0   136   136   135   0
147   146   0   147   0   146   0
0   0   0   0   172   170   171
0   193   197   0   0   0   0
0   0   196   195   192   197   0
147   0   0   148   0   147   146
0   192   0   194   196   0   192
124   124   123   123   124   0   124
0   0   172   0   0   0   171
136   135   136   135   135   135   136
192   0   0   196   0   195   0
135   0   135   135   135   0   0
0   0   0   192   0   0   197
0   0   0   135   0   0   136
0   170   0   0   171   170   171
0   0   135   135   136   0   0
0   0   147   148   147   0   0
0   197   0   0   193   0   0
192   0   0   196   193   0   0
0   123   123   0   0   123   123
0   195   0   194   197   0   192
194   194   197   0   193   0   0
0   194   194   0   0   0   197
245   240   244   0   241   245   244
0   0   197   0   195   192   193
193   195   197   0   0   194   0
194   197   196   192   0   197   0
0   0   0   0   0   194   193
0   0   0   0   0   197   196
0   0   0   0   148   0   0
0   193   192   196   0   194   192
0   146   146   0   0   147   147
194   197   195   193   196   195   0
0   193   0   0   195   192   0
0   0   124   0   0   124   123
123   0   0   124   124   124   0
0   146   146   147   148   146   147
245   0   243   0   0   0   239
148   147   0   147   0   148   148
0   147   146   0   148   0   148
197   194   196   196   194   0   0
196   193   0   192   0   196   196
239   240   244   0   0   0   0
0   148   0   147   0   0   0
136   135   0   136   135   136   136
244   0   0   244   0   239   0
124   0   123   123   123   0   124
194   197   0   197   193   0   196
195   197   195   0   0   197   0
0   0   0   0   123   124   124
147   147   148   148   0   147   0
193   197   196   0   192   193   194
0   136   135   135   0   0   0
0   195   0   192   0   195   193
124   0   0   124   124   0   0
0   0   0   0   196   0   0
135   0   135   135   136   136   0
193   0   0   0   0   196   197
136   0   0   0   0   0   135
192   0   0   195   0   196   0
135   0   0   135   0   136   0
0   195   192   193   0   197   197
0   147   0   0   148   0   0
0   0   194   0   0   0   197
193   0   0   193   197   193   197
148   0   148   0   0   0   146
147   147   146   0   0   148   148
0   124   123   0   0   0   0
0   136   136   0   0   0   0
240   0   239   0   0   0   239
195   196   0   0   0   192   0
135   0   136   0   0   135   0
192   0   194   0   0   0   197
0   197   192   0   196   0   196
196   192   194   0   0   0   193
0   195   0   0   0   195   0
0   0   173   171   170   0   173
0   194   194   192   0   0   197
239   0   0   0   0   0   241
196   0   197   0   0   0   195
147   0   0   0   147   148   147
0   192   196   195   0   192   0
0   193   197   0   0   0   197
0   0   0   192   0   192   0
0   0   194   197   192   0   0
0   135   135   0   136   136   135
241   241   241   0   0   0   245
192   0   194   0   194   194   0
0   0   241   0   0   0   0
169   170   0   171   170   172   0
0   0   0   0   147   147   148
0   0   124   0   0   0   0
0   0   240   244   0   244   241
0   192   0   0   0   197   0
193   0   0   196   192   0   0
0   0   0   0   195   0   196
124   123   0   0   0   0   0
193   192   196   194   194   196   0
0   196   0   192   0   197   194
0   0   0   170   0   169   173
0   0   0   197   0   197   197
193   196   0   0   193   194   0
196   193   196   195   193   196   0
148   0   146   146   0   0   148
0   0   197   0   0   0   0
171   171   0   172   171   0   0
245   239   0   243   0   0   245
0   0   196   192   0   0   0
0   0   241   0   239   244   239
147   147   0   0   146   148   0
171   0   171   0   0   169   171
135   0   136   0   135   0   0
0   0   148   148   0   148   0
0   0   0   0   0   196   197
0   0   197   192   194   0   197
0   0   0   0   0   192   197
0   197   195   0   197   0   196
0   193   195   0   0   194   0
0   0   0   0   147   146   0
0   193   0   0   0   194   194
172   169   171   173   173   172   0
0   124   0   123   0   123   123
193   195   0   195   0   0   193
135   136   136   0   0   135   0
240   244   0   245   0   0   0
244   0   244   0   0   0   0
148   0   148   148   0   0   148
0   171   170   0   0   171   0
135   0   0   0   136   135   0
196   192   197   197   0   194   196
194   194   0   192   197   192   0
0   123   124   124   0   124   124
0   0   0   195   0   193   194
147   0   0   0   0   146   148
245   0   0   0   0   0   0
0   193   197   0   0   0   0
146   0   0   0   0   148   146
192   194   196   0   0   0   0
192   197   196   0   194   0   0
147   147   147   148   0   0   0
124   124   123   0   124   124   123
0   197   194   0   194   196   0
243   0   0   0   241   244   240
194   0   194   195   196   192   0
0   196   197   0   0   192   194
194   0   0   0   0   0   196
0   195   197   195   0   195   196
192   192   196   0   0   0   0
123   0   124   124   0   0   0
0   0   0   0   0   0   147
0   0   0   194   196   0   0
196   192   192   196   195   193   0
0   197   0   0   0   195   0
194   0   197   0   0   195   192
0   0   0   0   0   0   192
0   0   0   148   148   147   0
0   0   148   147   0   0   0
192   193   194   0   0   192   0
148   146   0   0   0   0   148
0   192   195   197   0   0   193
195   193   0   0   0   192   0
0   171   0   0   0   169   171
243   245   0   241   0   0   0
193   0   0   195   0   0   194
147   147   0   146   146   148   148
194   195   194   0   0   194   197
196   192   0   194   0   0   0
136   136   0   136   136   136   0
0   0   0   197   196   194   0
148   148   148   0   0   147   147
192   193   0   192   0   0   0
0   0   0   0   0   0   196
0   193   194   0   196   192   0
195   0   197   192   193   0   0
0   241   244   244   0   244   0
192   196   192   197   196   196   0
0   192   193   192   193   197   197
135   135   0   0   136   0   0
193   0   192   0   194   192   196
0   148   148   147   0   148   0
0   197   0   195   193   193   0
148   147   0   148   0   147   148
135   136   0   135   135   0   136
0   0   147   0   148   148   0
0   192   0   0   0   0   196
0   195   0   0   194   196   197
0   146   0   0   0   0   0
0   0   192   0   0   197   0
0   0   0   0   0   192   194
192   195   0   192   194   195   197
0   0   146   148   0   0   0
192   193   197   197   0   195   197
124   124   0   124   123   0   124
0   0   0   0   0   135   136
0   195   0   195   0   195   0
136   0   0   136   0   0   135
196   195   194   196   0   0   197
0   193   0   192   0   192   0
0   146   148   146   0   148   148
0   0   0   0   195   0   0
193   0   194   0   0   0   193
196   0   194   196   195   193   196
0   0   196   192   192   0   0
0   0   245   0   0   0   243
0   0   0   193   0   0   197
0   0   148   0   0   0   0
0   0   195   197   194   197   197
241   0   244   244   0   239   0
195   0   0   197   194   0   0
194   196   0   0   0   0   0
135   0   135   136   136   136   135
0   0   0   0   0   193   192
0   0   193   197   196   0   0
0   0   0   0   194   196   0
0   147   146   0   0   148   0
171   0   170   0   173   0   170
0   0   192   0   195   192   194
0   0   194   195   193   0   195
135   0   0   136   0   0   136
136   135   0   135   135   0   135
147   148   148   148   148   0   0
0   0   240   240   0   243   0
0   0   192   192   192   0   0
193   0   0   195   195   0   194
0   169   171   0   0   171   0
0   0   0   136   136   135   0
0   194   0   196   0   195   0
0   0   195   192   192   0   0
135   0   0   136   0   136   0
0   192   0   197   0   195   0
0   192   0   192   195   195   0
170   170   171   171   173   173   172
195   0   0   197   192   196   192
0   135   0   135   0   136   0
124   0   0   123   124   124   124
0   0   0   0   135   0   135
0   0   112   0   0   112   0
0   0   195   196   195   193   0
192   197   0   0   0   0   192
192   0   197   194   195   0   193
0   147   0   0   148   0   147
0   0   0   124   124   123   123
194   194   193   0   192   196   196
240   0   0   0   0   245   0
0   193   195   0   0   193   0
0   0   197   0   193   197   0
173   0   0   0   171   0   172
136   0   0   135   0   135   135
136   0   0   0   0   136   136
0   241   0   0   239   244   239
194   197   0   0   193   195   0
240   0   245   0   244   0   245
0   241   241   0   245   245   0
