2   1   4
3   1   10
6   1   10
8   1   2
11   1   2
14   1   2
16   1   2
18   1   10
20   1   4
21   1   6
24   1   10
26   1   6
27   1   6
30   1   10
31   1   2
37   1   2
38   1   8
40   1   6
41   1   4
45   1   6
47   1   2
48   1   8
5   2   2
7   2   4
8   2   10
13   2   8
17   2   4
19   2   4
22   2   6
24   2   10
27   2   10
28   2   10
29   2   4
30   2   8
33   2   6
36   2   10
37   2   4
38   2   6
41   2   2
45   2   2
46   2   2
48   2   10
2   3   8
4   3   8
5   3   2
6   3   2
10   3   2
12   3   4
13   3   6
14   3   8
15   3   4
17   3   10
18   3   6
19   3   4
20   3   8
21   3   4
22   3   6
24   3   4
26   3   8
30   3   10
32   3   8
33   3   4
34   3   2
35   3   4
36   3   2
37   3   10
39   3   8
41   3   8
43   3   6
47   3   10
48   3   8
49   3   8
50   3   2
1   4   8
3   4   2
4   4   6
6   4   8
7   4   4
8   4   10
9   4   4
12   4   10
15   4   8
16   4   10
19   4   8
21   4   10
23   4   8
24   4   6
26   4   8
27   4   2
28   4   6
30   4   2
31   4   6
33   4   8
35   4   8
36   4   6
37   4   10
38   4   2
39   4   6
41   4   8
44   4   6
46   4   6
47   4   10
48   4   2
1   5   10
3   5   10
5   5   6
6   5   10
10   5   8
12   5   4
15   5   6
16   5   8
19   5   4
20   5   2
25   5   4
29   5   4
31   5   8
33   5   8
34   5   2
35   5   4
44   5   10
47   5   2
48   5   6
49   5   2
50   5   2
2   6   10
3   6   8
5   6   2
10   6   10
12   6   6
13   6   10
14   6   6
18   6   10
19   6   6
20   6   10
22   6   4
23   6   6
24   6   4
25   6   10
27   6   6
28   6   4
29   6   6
32   6   6
35   6   2
38   6   4
40   6   4
41   6   10
43   6   8
44   6   8
46   6   6
49   6   8
50   6   6
3   7   4
5   7   6
7   7   2
8   7   8
9   7   8
16   7   8
19   7   6
20   7   4
21   7   10
24   7   8
27   7   6
30   7   6
32   7   2
34   7   4
39   7   2
41   7   2
44   7   6
46   7   4
47   7   8
49   7   8
2   8   2
3   8   4
6   8   10
7   8   4
11   8   4
12   8   10
16   8   2
18   8   6
20   8   8
22   8   2
23   8   10
25   8   2
27   8   2
31   8   2
33   8   4
37   8   6
41   8   2
42   8   10
44   8   10
48   8   8
49   8   6
50   8   10
