179   178   179   178   0   0   0
0   0   257   0   260   264   254
0   0   0   0   114   114   0
0   157   155   151   0   153   0
141   0   0   0   140   140   139
127   0   127   128   127   0   0
0   178   0   180   0   0   186
0   138   0   140   139   143   0
0   0   0   0   207   208   213
210   0   205   214   0   0   0
260   264   0   0   254   252   0
205   0   0   0   0   0   206
142   0   0   0   0   141   0
214   206   0   0   0   208   206
0   0   0   139   0   0   0
0   0   214   0   212   0   210
0   153   0   151   155   0   0
151   151   0   0   0   156   153
0   0   257   0   0   0   258
205   0   0   0   206   0   0
0   0   0   210   0   0   203
0   206   203   205   205   203   208
206   0   212   0   0   0   0
0   0   0   127   0   128   0
213   213   0   203   0   0   0
179   0   176   184   0   179   183
0   152   155   151   0   0   0
182   0   185   0   179   184   0
153   0   0   0   152   153   154
0   254   266   253   268   0   256
213   206   0   214   0   214   0
0   214   0   0   209   205   0
151   152   157   152   156   0   0
126   125   126   127   126   0   0
0   128   128   0   126   0   0
0   139   141   142   142   0   143
210   210   0   0   214   206   206
0   0   0   0   0   0   203
212   0   0   201   201   0   204
205   0   0   0   206   0   209
206   208   0   214   202   0   0
202   203   0   0   210   0   202
0   0   206   0   0   207   206
209   0   0   0   208   0   208
0   211   0   0   201   211   212
0   208   0   0   0   0   210
205   212   0   202   206   201   0
153   155   157   151   0   0   152
212   212   0   0   201   0   212
260   252   0   0   258   265   0
0   213   0   214   0   212   204
214   205   212   214   0   212   207
138   0   142   143   0   142   0
206   0   206   211   0   209   209
151   155   157   151   157   155   157
0   0   0   180   177   185   0
0   185   183   183   180   181   181
206   210   0   204   0   0   205
204   211   206   212   0   0   0
207   202   0   0   0   0   0
0   113   113   0   0   0   0
210   206   0   0   0   0   214
128   0   0   0   0   129   126
213   204   213   0   0   0   0
0   0   0   205   211   204   0
0   143   142   141   0   0   0
201   214   0   206   211   0   203
0   214   0   0   0   212   203
0   0   214   212   208   0   207
213   0   0   0   0   206   0
0   205   0   0   0   206   207
206   205   209   0   214   212   0
0   0   0   139   0   0   0
209   0   211   0   207   0   214
0   214   203   210   0   202   213
0   0   0   0   213   206   0
139   138   138   143   0   138   139
0   113   0   0   0   113   113
210   214   208   208   0   0   0
0   0   210   0   206   0   0
205   206   211   203   209   0   212
141   0   0   138   0   139   142
0   268   0   0   257   0   0
179   0   0   180   0   185   0
209   0   0   0   0   212   0
0   0   140   0   139   0   142
0   0   127   0   0   127   128
0   0   214   209   0   0   209
0   0   140   0   0   141   142
213   0   0   0   0   203   206
0   183   184   0   186   185   180
0   0   0   208   212   0   0
0   207   201   205   0   206   214
256   254   261   269   0   0   0
0   204   211   206   0   212   0
0   138   139   139   143   0   0
0   114   113   0   0   0   0
0   181   0   178   0   0   0
257   0   266   258   265   0   0
206   214   206   209   0   0   206
0   179   186   0   0   0   0
0   0   0   257   0   0   0
0   206   204   0   0   0   0
202   0   0   204   0   0   201
128   128   127   0   0   125   0
155   155   153   0   154   0   0
0   0   207   0   209   206   0
0   214   212   202   202   203   0
202   0   211   204   203   0   209
184   0   0   184   0   181   0
184   181   182   0   176   0   179
156   0   0   0   155   157   0
0   0   205   205   211   209   0
0   260   272   0   264   268   0
0   0   207   0   207   210   0
142   0   0   143   0   0   141
210   0   203   0   0   0   202
0   185   0   0   0   184   0
0   0   139   0   0   142   0
209   206   203   0   212   0   0
0   143   0   139   143   0   140
265   260   272   0   272   269   272
213   214   206   0   205   202   0
0   0   0   0   209   214   214
210   208   0   204   0   0   0
180   181   0   0   0   0   179
202   0   0   205   206   211   0
0   178   0   0   0   0   181
184   181   0   0   177   0   0
207   204   0   205   0   0   206
0   204   210   0   0   0   209
0   207   0   204   0   214   0
224   228   224   0   0   217   220
0   0   0   0   0   0   139
0   0   0   0   0   126   128
0   207   203   206   214   209   211
266   0   253   270   270   0   270
0   206   0   207   211   201   0
0   203   0   0   0   0   0
139   140   141   139   0   142   0
152   0   0   154   0   0   0
206   214   0   0   0   0   0
0   203   0   0   209   210   0
0   127   127   0   126   0   126
207   0   203   0   208   202   0
258   254   0   0   0   0   266
0   0   184   183   0   0   179
151   0   156   0   156   154   151
0   141   0   141   0   142   142
203   0   0   0   0   0   0
0   214   0   206   0   0   0
128   125   129   0   126   126   125
0   0   0   0   0   152   0
0   157   154   155   156   0   0
0   0   213   0   0   0   0
0   0   0   0   0   206   0
155   0   154   0   157   154   0
206   0   0   207   0   0   201
0   140   0   139   0   143   143
206   0   202   0   0   210   0
0   151   155   0   151   0   152
140   0   0   138   140   0   0
207   0   207   0   0   203   0
0   0   211   214   0   202   208
0   154   0   0   153   151   0
0   0   139   140   143   140   143
128   0   0   129   0   0   0
138   143   139   138   0   0   140
0   142   139   0   139   142   0
151   0   0   157   154   151   0
0   0   0   210   213   207   0
0   0   261   258   270   261   265
143   0   141   140   0   0   0
0   208   0   206   209   0   0
210   0   206   206   0   0   0
214   0   0   0   213   0   0
0   151   0   153   0   153   156
0   206   212   0   213   203   0
0   206   0   206   0   203   210
211   0   210   0   203   206   201
206   210   0   202   201   206   0
183   0   0   0   0   0   0
0   207   0   0   211   0   204
0   186   177   0   179   184   179
0   0   201   205   213   201   204
0   179   0   183   0   181   0
0   0   212   213   0   0   207
202   201   0   214   204   210   0
139   140   0   142   140   141   139
140   0   0   140   0   141   0
261   266   0   270   254   0   254
143   0   142   140   0   0   143
0   154   155   0   151   0   0
213   209   0   207   203   0   0
0   0   0   0   0   0   155
0   0   0   0   0   211   214
206   203   214   211   205   203   0
202   206   0   206   0   0   0
0   181   181   177   184   0   184
0   0   202   0   207   208   0
0   0   127   0   0   0   0
157   153   0   0   153   0   154
140   0   138   139   141   141   0
0   0   113   113   114   0   114
0   214   201   0   211   202   208
0   210   206   0   0   214   0
0   140   0   0   0   138   0
210   210   0   205   0   210   0
0   157   0   151   155   0   0
209   0   207   206   209   211   203
0   209   0   205   206   201   205
0   0   0   0   128   126   128
0   183   0   0   178   182   0
212   0   204   0   212   0   0
204   205   0   0   205   213   212
206   211   0   0   205   211   0
265   0   0   0   0   0   257
211   0   0   0   210   210   205
0   138   140   0   0   140   139
128   129   0   0   0   126   126
0   114   0   114   0   0   0
205   212   0   202   0   0   214
143   138   141   140   0   143   140
0   0   209   213   206   0   210
214   0   0   214   212   206   0
113   114   114   0   0   114   0
0   211   206   0   213   205   209
113   113   114   0   0   0   113
0   208   209   214   0   0   214
0   152   0   0   0   151   0
0   0   203   214   0   207   0
0   206   0   214   0   202   207
0   186   178   0   180   0   180
113   113   114   0   113   0   113
139   0   0   138   0   143   0
0   139   0   142   0   0   143
152   0   157   151   154   0   152
0   177   181   0   184   0   0
214   213   204   214   0   202   0
0   212   202   0   0   0   209
211   0   0   0   0   206   0
0   155   0   0   157   0   0
0   0   155   156   154   0   0
0   125   126   0   0   129   128
0   0   0   0   155   152   0
204   214   212   0   214   0   0
0   272   0   0   258   0   257
0   138   0   139   139   141   0
201   0   0   210   214   0   0
0   126   127   127   126   128   127
214   0   213   211   207   0   0
138   139   0   0   139   0   0
206   209   207   0   210   0   206
201   206   0   0   214   208   209
210   212   214   201   204   214   203
205   0   0   0   0   212   202
201   0   214   206   207   204   205
151   0   155   0   0   0   0
176   0   0   0   183   0   0
139   140   140   139   0   138   139
0   203   204   0   206   0   0
0   0   180   0   0   0   0
212   213   214   0   0   206   214
265   252   0   0   0   0   0
0   151   0   153   154   0   151
152   157   152   155   0   0   0
202   210   0   203   209   207   209
206   211   205   207   206   0   0
186   0   0   0   179   0   179
210   204   206   204   208   0   203
266   0   0   270   256   0   0
183   185   184   0   182   0   177
0   155   154   155   151   154   0
202   209   0   0   0   0   210
0   0   0   142   139   0   0
128   0   125   127   128   127   0
204   0   214   207   0   0   212
0   0   0   0   0   152   0
0   0   0   0   141   139   0
177   0   0   0   179   180   0
269   262   0   0   0   0   0
0   211   204   209   208   0   205
0   0   0   156   0   0   156
0   0   0   210   206   212   0
113   113   0   0   114   114   0
0   0   0   213   0   0   0
126   128   127   0   127   0   0
203   214   213   213   205   208   0
0   0   0   201   0   213   208
0   269   268   0   0   0   0
157   156   157   155   157   0   151
201   0   207   202   0   0   0
209   201   214   209   214   0   0
0   201   206   0   213   209   211
0   0   127   0   128   128   0
143   0   139   0   142   0   143
0   0   127   128   0   127   0
0   0   214   0   207   209   214
140   142   0   0   138   143   140
0   0   0   151   155   0   0
182   0   0   184   180   181   0
0   0   206   201   210   214   0
0   154   0   0   0   151   152
127   127   0   127   129   126   128
0   0   214   211   204   206   0
128   127   0   0   0   0   126
0   183   177   181   180   184   0
0   0   141   143   0   0   0
203   0   213   214   0   0   0
0   128   0   0   125   0   0
201   0   203   0   0   201   0
0   0   0   128   0   0   0
202   0   214   0   211   0   0
181   179   0   181   180   0   0
0   0   205   0   0   206   203
143   0   0   0   141   0   0
0   141   0   139   143   0   0
0   0   0   141   142   142   0
0   0   0   0   0   214   0
206   0   214   0   211   0   0
207   0   206   214   0   206   0
179   0   185   184   181   178   183
0   0   0   203   0   208   212
203   0   0   0   0   214   202
206   0   0   0   210   0   203
140   0   142   140   142   141   0
210   201   0   0   210   0   0
205   0   0   202   0   0   208
138   0   141   142   0   0   0
0   213   0   0   0   202   213
210   0   214   0   0   201   211
0   204   210   202   203   214   0
0   211   209   0   213   0   0
0   0   0   0   260   0   257
143   0   0   0   0   0   0
214   214   206   0   208   206   0
0   208   0   214   0   0   0
202   0   207   201   0   0   202
0   0   142   0   0   139   0
127   126   0   127   0   0   126
207   213   206   206   212   206   0
142   0   140   0   0   143   143
0   0   201   0   209   0   207
0   0   201   205   213   201   204
257   0   270   270   269   0   272
0   0   0   214   213   0   204
139   140   0   141   142   138   143
0   0   207   0   0   208   0
153   156   0   157   0   0   155
201   0   212   210   206   206   209
0   265   261   272   0   268   0
151   153   0   0   0   0   155
0   212   0   211   0   0   0
204   208   0   214   0   0   211
141   0   141   140   0   140   0
183   0   0   0   0   177   0
207   0   0   0   214   204   206
114   114   114   0   0   114   113
0   185   182   0   182   181   182
0   0   0   0   210   0   0
0   202   0   0   0   202   0
0   214   206   0   0   0   0
210   0   207   0   203   0   0
0   204   206   206   0   204   212
0   0   206   201   210   214   0
0   0   143   0   0   0   138
0   203   0   0   0   0   0
141   0   139   0   139   140   142
257   0   253   0   0   0   261
0   207   207   212   0   214   210
0   0   143   0   0   0   142
204   206   0   202   202   0   0
210   214   205   0   0   0   0
253   269   269   0   265   0   269
0   0   155   0   151   0   0
126   126   126   0   0   0   0
0   0   257   0   0   0   0
0   256   0   0   0   0   261
113   114   114   113   0   114   0
208   0   207   213   0   202   205
0   0   213   0   204   201   205
0   201   213   0   0   211   0
0   214   212   0   212   0   212
0   203   0   0   208   204   207
0   0   152   0   153   0   0
0   207   0   0   0   0   0
152   151   0   152   152   151   0
0   0   0   0   126   126   0
0   140   0   141   0   0   0
206   0   211   214   213   201   207
0   184   184   180   0   184   177
153   155   0   0   152   155   157
258   253   272   0   268   258   252
0   207   201   204   204   0   211
0   212   0   211   0   0   210
0   206   0   211   0   214   0
139   141   0   0   0   139   0
184   185   178   0   177   0   0
0   0   211   214   209   206   212
155   0   155   0   0   0   154
212   0   201   211   202   214   203
0   207   0   207   0   201   213
213   0   202   214   0   0   204
141   142   138   140   0   140   0
211   206   214   0   205   205   204
272   258   0   0   0   261   269
186   0   0   179   177   0   183
125   126   128   128   126   127   0
0   0   206   0   0   210   0
0   214   0   209   0   0   201
201   203   0   201   0   209   210
128   127   0   128   129   0   127
209   207   202   0   0   0   0
0   266   0   0   264   0   0
142   0   0   0   0   138   0
155   153   0   0   154   157   0
201   209   201   214   203   212   0
0   0   140   143   143   142   139
0   155   153   0   153   153   151
155   156   157   0   152   0   0
140   0   0   0   0   0   0
0   0   203   207   0   205   0
0   0   152   152   0   153   151
0   0   0   0   0   0   206
205   0   0   214   0   205   0
180   0   0   0   185   0   183
0   214   0   0   0   206   0
0   207   208   0   0   206   201
0   0   253   252   252   0   260
0   0   0   0   142   0   141
210   0   214   0   0   0   0
214   214   210   214   203   204   205
0   0   179   185   177   177   0
205   203   207   0   0   0   0
156   0   151   0   156   0   0
0   0   152   0   157   155   0
0   0   0   0   0   204   0
0   155   155   0   157   157   151
207   0   214   207   211   207   201
0   254   266   0   0   0   0
114   0   113   0   114   0   114
0   0   205   0   0   204   202
214   212   0   0   202   204   213
209   210   205   0   214   0   214
0   185   183   0   0   184   181
128   0   126   125   128   126   0
129   0   129   126   126   0   0
203   213   206   0   0   0   201
0   205   211   0   211   204   0
0   0   0   0   0   0   127
140   0   0   0   143   139   0
0   143   0   0   0   0   0
207   213   202   208   210   0   206
0   264   268   256   0   0   258
0   0   201   0   0   0   0
206   0   0   0   206   0   205
0   138   0   143   0   0   0
0   0   206   204   0   0   0
0   0   213   203   0   206   206
0   0   0   155   0   0   153
0   265   0   0   257   0   261
0   0   184   0   0   0   0
0   208   0   0   0   208   0
0   128   127   0   0   128   0
151   0   154   0   0   0   155
0   0   202   0   0   0   0
204   207   204   201   0   0   0
0   0   211   214   0   213   202
0   0   206   0   211   211   209
210   201   0   0   0   202   0
202   205   201   0   0   0   0
126   126   127   126   126   0   0
0   0   180   177   182   179   0
0   0   0   0   0   214   0
0   0   206   0   211   203   0
0   0   0   270   269   264   0
0   0   128   0   128   126   0
0   208   0   0   0   0   204
0   0   0   128   129   0   129
0   0   207   207   207   0   0
138   0   0   0   138   0   0
202   0   0   212   214   214   212
0   0   206   212   0   0   0
211   208   214   201   206   0   214
0   0   0   206   207   0   212
0   0   214   208   214   0   211
181   0   179   0   185   177   0
0   0   205   0   211   205   202
154   0   153   151   0   0   152
0   211   0   0   0   205   202
153   155   152   155   155   155   157
0   213   0   213   214   0   209
214   0   0   208   0   0   214
183   0   0   179   0   178   0
0   205   209   0   209   214   205
264   265   0   0   254   264   262
208   0   0   0   201   0   206
207   209   0   207   201   210   213
0   207   0   202   204   214   208
0   0   262   0   0   272   266
0   0   114   113   0   0   0
0   179   177   0   181   0   0
212   0   213   0   0   212   213
0   0   204   0   0   0   209
206   0   0   0   212   208   209
0   0   181   0   178   0   186
126   126   0   0   126   127   0
138   0   0   0   0   140   143
126   0   128   126   0   127   128
206   213   211   205   0   201   0
0   0   0   0   203   0   0
0   0   0   0   262   253   0
206   0   0   201   0   0   0
204   201   0   209   0   0   205
128   129   0   126   127   0   128
0   156   155   0   151   156   0
0   210   202   201   211   0   203
126   0   127   126   127   0   125
127   0   128   126   0   129   129
214   0   0   0   0   0   0
265   0   0   0   0   265   0
206   210   0   0   0   211   214
0   143   140   138   0   0   140
0   0   201   214   0   0   214
212   0   201   214   0   0   0
0   0   140   0   142   0   143
213   0   0   202   0   208   214
140   0   0   0   0   0   139
0   208   202   209   0   0   208
0   142   143   0   0   0   0
153   0   155   0   0   0   0
0   214   0   0   0   0   0
214   0   210   205   0   0   212
0   0   179   0   186   0   0
151   152   156   154   0   0   0
0   205   0   206   211   0   0
0   208   0   214   209   0   211
211   0   203   0   210   206   205
0   0   127   0   127   126   127
0   143   0   0   139   0   141
0   0   0   139   142   0   0
0   129   126   0   128   0   126
181   179   0   0   183   0   0
156   156   154   0   157   151   0
208   206   209   0   0   214   0
205   205   0   213   208   0   201
266   0   0   0   264   258   262
126   127   127   127   128   0   128
204   208   201   0   0   206   0
0   0   0   256   0   0   0
207   0   0   0   211   0   203
0   207   203   0   0   201   214
0   126   0   0   0   0   126
152   0   151   0   151   0   0
214   0   210   206   0   0   202
0   272   268   261   0   0   0
154   0   154   0   153   155   0
0   152   0   0   0   0   154
0   0   0   205   206   0   201
0   266   0   0   270   262   256
210   204   204   0   0   212   0
0   138   140   0   0   0   0
0   206   0   0   0   0   0
0   0   208   206   0   0   0
0   0   0   0   0   179   177
0   0   177   0   0   182   184
140   140   0   0   141   0   0
0   0   0   142   140   0   0
0   0   0   0   0   0   155
0   0   0   0   210   0   0
0   206   205   211   0   214   208
0   151   0   0   155   0   156
0   209   206   208   202   0   0
212   214   205   214   0   0   0
0   140   142   141   0   0   0
269   0   0   258   270   252   253
209   209   204   207   0   0   0
0   0   0   141   0   0   142
0   126   0   128   127   0   128
140   138   143   140   0   0   140
181   183   185   177   0   0   177
214   0   209   0   0   212   211
128   0   128   0   128   127   0
0   0   177   0   0   186   0
0   0   126   0   0   128   126
0   0   201   0   0   0   0
0   139   0   0   0   0   0
0   0   0   140   0   139   139
0   205   202   206   208   210   0
0   205   214   0   206   205   204
0   151   0   0   152   157   0
269   0   0   258   268   0   0
151   0   155   156   156   151   0
183   182   181   183   177   182   0
0   0   140   0   0   139   139
262   0   258   256   0   0   0
128   128   0   0   0   126   128
129   0   127   0   128   0   0
0   139   0   139   0   141   0
0   0   0   204   201   204   0
