1   1   4
3   1   10
4   1   2
7   1   8
8   1   6
10   1   10
12   1   6
14   1   6
15   1   10
18   1   2
20   1   4
1   2   10
2   2   2
5   2   4
10   2   6
13   2   2
14   2   2
15   2   10
17   2   2
20   2   8
1   3   8
2   3   2
3   3   2
4   3   8
7   3   4
8   3   2
9   3   2
13   3   2
16   3   6
18   3   10
3   4   8
5   4   8
13   4   8
15   4   10
16   4   10
17   4   6
18   4   10
19   4   8
20   4   8
1   5   10
2   5   6
3   5   10
7   5   10
8   5   10
9   5   2
11   5   8
13   5   6
15   5   10
16   5   6
18   5   2
19   5   2
20   5   2
2   6   2
4   6   6
7   6   8
10   6   8
12   6   4
15   6   6
16   6   10
17   6   6
19   6   2
20   6   8
2   7   6
6   7   6
8   7   8
9   7   4
10   7   6
13   7   8
15   7   10
16   7   4
17   7   4
18   7   8
19   7   8
3   8   10
6   8   2
13   8   8
16   8   10
19   8   2
