168   176   172   180   0   0   0
205   215   0   203   212   189   221
0   192   0   188   0   0   167
0   136   0   120   128   158   0
0   0   241   0   251   255   262
266   248   0   0   245   272   0
201   208   188   225   0   188   220
0   125   0   0   0   0   122
132   121   0   0   146   134   111
204   219   0   0   0   216   217
0   141   0   133   172   0   0
0   0   272   0   0   0   278
0   0   0   221   0   0   190
0   216   193   193   193   196   209
0   0   168   0   0   198   161
0   0   0   120   0   133   0
0   175   167   164   0   186   197
0   135   161   144   0   0   0
0   244   255   254   279   0   270
215   0   232   0   0   201   0
0   0   198   195   0   196   206
143   0   0   0   125   0   0
0   241   0   0   234   284   262
0   134   126   0   106   0   0
0   124   125   128   150   0   154
0   0   0   0   0   170   0
208   0   206   184   0   232   192
229   216   0   0   219   202   198
240   0   258   269   252   0   264
0   0   0   0   0   0   206
204   193   218   214   184   0   0
229   0   0   215   209   0   211
192   0   0   0   219   0   212
0   159   145   124   0   154   0
205   216   0   217   213   0   0
208   184   0   0   225   0   190
0   0   199   0   0   188   211
192   0   0   0   0   184   195
0   224   0   0   219   221   211
0   0   0   225   195   0   192
215   225   0   0   211   0   207
265   270   0   0   276   267   0
0   204   0   194   0   224   217
216   183   0   199   0   0   212
160   157   151   135   174   152   177
0   0   0   168   185   175   0
0   182   170   179   191   196   187
0   212   216   196   0   218   0
0   163   165   164   0   146   0
0   137   140   0   0   0   0
218   195   0   198   0   0   223
0   101   101   0   0   0   0
0   0   0   0   0   0   143
0   0   0   224   210   0   0
156   138   0   0   163   137   131
0   0   0   0   141   0   0
207   232   0   226   217   0   194
0   217   0   0   0   197   217
0   0   0   0   154   121   0
197   0   0   0   0   186   0
0   208   0   0   0   198   206
219   0   184   193   0   204   0
0   0   0   165   139   141   138
0   0   219   0   220   0   206
218   0   218   0   199   0   207
0   231   200   224   0   206   231
0   0   0   140   165   0   0
0   0   0   0   197   199   0
0   118   0   0   0   128   0
199   197   215   191   0   0   0
0   0   216   0   198   0   0
0   153   0   0   163   166   0
0   160   142   149   126   0   160
0   267   0   0   272   0   0
173   0   0   165   0   186   0
0   0   128   0   0   137   132
0   0   0   217   196   0   0
0   174   134   0   136   147   0
0   190   214   223   0   218   199
0   211   0   214   207   0   0
197   0   0   0   0   0   218
0   205   214   0   0   0   199
0   208   0   190   218   189   184
0   190   224   203   0   211   0
0   150   143   155   136   0   0
157   0   0   142   159   0   0
0   165   0   182   0   0   0
260   0   284   238   278   0   0
155   0   0   0   0   174   158
0   217   208   204   182   208   221
0   203   192   0   0   0   0
214   0   0   190   0   0   186
0   202   229   203   194   189   192
0   141   0   139   111   0   0
120   0   110   0   0   0   0
0   0   159   0   143   141   129
212   221   0   193   0   0   0
139   0   0   118   116   126   0
176   0   0   0   158   147   0
0   0   188   203   216   212   0
217   0   0   0   188   195   195
0   0   191   0   202   225   0
0   199   0   0   0   167   0
0   0   124   131   0   0   150
0   219   216   223   226   210   0
136   130   123   0   0   142   158
0   185   226   0   221   0   0
0   193   0   0   189   198   217
0   143   0   0   146   152   0
212   225   0   199   0   0   0
187   167   0   0   0   0   191
0   171   0   0   0   0   197
115   0   0   0   0   0   121
0   126   0   0   154   0   149
0   128   0   0   0   0   135
0   189   195   0   0   0   224
0   222   0   223   0   202   0
208   0   231   0   186   0   0
203   220   0   221   200   198   207
222   227   215   0   0   205   239
0   0   0   0   0   0   154
0   125   135   140   137   0   0
168   175   0   148   155   0   160
0   214   198   212   219   197   229
190   0   0   0   204   190   188
0   216   0   217   198   216   0
143   0   149   153   133   140   138
0   202   0   0   0   0   0
137   142   148   130   0   151   0
167   0   0   149   0   0   0
0   122   110   0   129   117   122
0   194   0   0   224   215   0
0   116   109   0   110   0   109
198   0   218   0   209   196   0
0   136   111   146   0   118   0
0   0   177   166   0   0   171
139   112   127   0   115   107   105
0   0   0   0   0   161   0
0   166   171   0   172   152   0
0   153   150   171   172   0   0
0   0   0   0   0   204   0
149   0   149   0   169   158   0
200   0   0   214   0   0   187
0   148   0   128   0   124   151
211   215   185   198   203   182   0
0   168   0   160   0   154   0
131   0   0   140   158   0   0
0   0   0   170   0   181   0
0   0   128   141   134   127   156
127   0   0   111   0   0   0
0   155   122   0   129   152   0
0   0   0   202   227   221   0
154   0   136   129   0   0   0
221   0   198   208   0   0   0
0   193   0   222   0   185   190
196   0   195   0   222   201   182
205   0   226   223   204   0   216
0   177   179   0   170   173   163
0   0   215   188   207   208   212
0   165   0   202   0   184   0
203   185   0   202   200   204   0
0   148   0   0   0   0   0
0   158   175   0   134   0   0
221   200   0   222   216   0   0
0   0   0   0   0   196   195
0   184   162   191   189   0   170
0   0   199   0   190   217   0
0   0   133   0   0   0   0
156   161   0   0   164   0   152
0   197   0   0   216   0   224
0   0   0   0   0   196   0
0   0   110   101   106   0   114
205   0   208   219   0   209   225
0   212   205   0   197   194   203
0   225   209   0   0   217   0
0   129   0   0   0   149   0
195   217   0   210   0   229   0
0   160   0   143   150   0   0
225   0   215   197   224   218   189
0   217   0   206   186   217   188
0   191   0   0   0   0   196
0   0   0   0   140   119   112
0   172   0   0   165   166   0
203   0   220   0   231   0   0
125   127   0   0   0   123   111
0   101   0   134   0   0   0
0   0   218   222   189   0   212
199   0   0   203   231   191   0
227   226   0   228   223   215   196
0   160   0   143   147   0   168
133   119   105   0   0   115   0
0   223   225   0   209   218   207
125   101   124   0   0   0   123
0   228   191   206   0   0   208
0   213   0   211   0   212   208
0   182   181   0   178   0   164
0   203   207   0   0   0   227
165   159   168   0   0   0   0
0   202   0   0   0   203   0
0   161   0   0   146   0   0
0   146   0   122   142   0   0
0   0   139   154   157   0   0
0   0   0   175   0   161   154
195   206   196   0   201   0   0
186   204   0   0   215   0   207
217   0   0   198   232   0   0
210   204   228   221   0   0   0
187   204   0   0   216   223   197
167   150   0   158   0   153   161
112   0   144   0   141   0   0
149   156   0   174   146   0   173
203   203   0   212   199   224   0
168   0   154   0   0   0   0
172   0   0   0   171   0   0
133   159   144   140   0   132   151
0   191   205   0   197   0   0
0   0   182   0   0   0   0
0   142   0   166   152   0   139
0   0   0   0   155   126   0
206   226   0   200   227   188   226
200   0   0   0   199   0   192
0   0   160   168   0   0   0
193   215   207   196   223   0   209
256   0   0   261   266   0   0
173   186   173   0   171   0   164
0   0   0   0   0   0   165
0   0   276   267   277   0   0
190   0   0   0   223   0   0
0   0   0   0   128   151   0
180   0   0   0   169   170   0
0   0   0   197   191   0   218
258   277   0   0   0   0   0
0   192   201   202   207   0   219
0   0   0   137   0   0   158
0   128   0   0   111   118   0
206   0   221   212   0   210   193
0   0   0   198   0   0   0
0   0   169   0   0   0   188
112   136   115   0   138   0   0
201   212   233   212   212   197   0
0   0   0   217   0   221   200
0   253   250   0   0   0   0
140   142   177   150   160   0   154
218   190   219   217   221   201   215
126   0   140   0   157   0   0
0   217   213   0   193   190   219
0   0   143   0   125   137   0
0   0   133   141   0   124   0
156   141   133   127   0   123   0
194   0   0   201   182   195   0
0   0   211   184   201   215   0
146   141   0   121   148   142   134
0   0   142   159   0   0   0
197   0   228   228   0   0   0
0   0   139   130   108   0   0
0   123   137   0   125   0   145
0   120   0   0   112   0   0
192   0   183   0   0   214   0
0   0   185   0   0   202   190
0   148   0   123   149   0   0
0   0   0   0   0   197   0
214   0   222   231   0   195   0
176   0   196   179   164   172   202
0   0   0   194   0   192   203
0   169   157   0   143   0   158
208   0   0   0   0   197   211
0   267   265   265   268   267   0
199   0   0   196   0   0   224
204   0   233   0   0   189   218
0   219   211   198   190   209   0
0   207   192   0   197   0   0
129   115   127   0   130   0   121
0   0   0   189   190   0   205
149   0   0   0   0   0   0
0   0   146   0   0   0   0
0   190   0   0   0   0   186
0   244   0   249   245   263   0
206   0   202   210   0   0   213
204   223   206   0   0   0   210
243   0   281   274   286   0   254
214   223   0   214   0   222   0
150   128   0   145   137   147   127
144   175   0   177   0   0   151
204   0   203   226   223   204   201
0   0   0   136   137   0   127
0   222   0   221   0   0   0
0   0   243   274   0   242   0
223   208   220   0   216   0   196
196   223   0   212   0   0   192
157   0   145   160   0   135   0
188   0   0   0   221   212   202
145   115   0   0   0   0   117
0   200   184   0   175   161   175
196   197   222   0   0   0   0
0   0   0   0   205   0   0
228   0   222   0   198   0   0
0   206   212   194   0   202   197
210   0   210   0   209   194   218
0   199   184   0   203   231   219
271   0   263   0   0   0   248
0   0   0   224   191   0   213
226   215   183   193   0   224   0
218   214   0   217   195   0   0
0   225   0   199   0   0   206
116   114   125   0   0   0   0
232   0   190   213   199   0   201
0   0   0   0   202   215   0
0   0   141   129   125   111   119
0   265   0   0   0   0   279
131   125   106   107   0   123   0
213   0   208   0   213   210   0
191   0   212   207   0   187   217
0   195   204   0   0   204   0
0   225   0   0   0   203   214
0   191   0   0   220   219   204
0   0   0   0   132   136   0
200   0   0   205   215   0   0
278   259   273   0   263   243   232
211   0   0   222   0   0   0
0   219   0   225   0   0   201
0   221   0   194   0   215   0
152   130   0   0   0   155   0
176   201   170   0   196   0   0
0   0   212   201   219   211   228
171   0   137   0   0   0   153
132   143   145   146   0   145   0
212   219   202   0   220   190   214
0   0   210   196   188   186   0
182   0   0   167   182   0   175
0   0   186   0   0   224   0
200   195   0   192   0   213   191
0   0   167   172   184   0   197
0   274   0   0   262   0   0
141   0   0   0   0   118   0
170   0   0   0   192   191   0
148   0   0   150   0   0   0
170   173   149   0   156   0   0
0   0   194   220   0   196   0
0   0   0   0   152   0   0
199   0   0   0   167   0   171
135   0   0   150   137   153   0
0   0   151   0   0   0   139
0   172   138   152   159   151   150
125   0   158   153   153   0   0
0   0   147   155   149   150   0
152   142   0   0   162   141   131
0   0   0   0   162   0   143
215   0   201   0   0   0   0
0   195   0   0   0   0   0
198   234   214   221   206   222   210
0   0   135   0   0   0   150
0   0   162   165   175   168   0
209   0   0   0   0   0   185
157   0   159   0   148   0   0
0   0   167   0   151   135   0
0   0   0   0   0   199   0
202   0   0   212   0   213   0
0   174   161   0   142   137   150
0   0   165   0   167   158   167
0   258   272   0   0   0   0
215   208   0   0   196   221   217
211   193   212   0   0   0   0
0   219   0   0   0   202   222
220   191   225   0   200   0   200
203   0   0   0   193   229   0
121   0   112   116   121   0   0
191   231   225   0   0   0   194
0   0   199   0   230   223   0
237   237   0   0   242   262   0
276   267   0   262   274   272   0
185   0   197   205   201   0   195
202   229   0   0   224   0   0
0   0   215   0   0   0   0
207   0   0   0   191   0   198
0   0   213   211   0   0   0
0   0   167   0   0   0   135
0   247   0   0   267   0   263
192   192   188   190   0   215   198
0   0   0   189   0   0   220
0   212   0   0   0   205   0
0   0   144   145   163   167   142
0   131   125   0   0   122   0
0   0   206   0   0   0   0
0   211   0   0   0   0   0
0   0   220   215   0   195   206
0   0   216   0   208   220   221
213   211   0   0   0   206   0
212   0   207   188   0   198   220
205   217   209   0   0   0   0
116   136   125   112   113   0   0
0   258   0   0   256   235   271
0   0   193   183   191   160   0
0   0   0   171   149   0   142
0   0   150   0   121   129   148
0   0   202   0   219   213   0
150   160   163   0   145   147   0
0   0   113   0   144   139   0
0   227   0   0   0   0   220
0   0   203   225   218   0   0
143   0   0   0   144   0   0
0   199   206   0   0   200   0
224   224   215   204   211   0   224
240   271   273   0   264   0   0
205   0   0   0   211   0   0
168   0   198   0   187   160   0
0   0   199   0   229   197   183
0   0   0   138   0   0   0
0   0   0   0   189   187   196
133   0   0   0   163   154   155
206   0   214   0   0   0   193
168   151   172   135   161   160   166
219   0   0   224   204   188   207
0   228   0   211   197   0   224
198   0   0   169   0   195   0
0   211   229   0   204   230   194
226   228   0   202   193   224   229
209   0   0   202   0   206   214
0   0   248   0   0   268   275
0   171   172   0   182   0   0
198   0   203   0   0   220   195
0   151   0   126   140   137   156
0   196   201   0   203   0   199
0   146   0   137   0   155   0
0   148   150   0   0   166   173
0   0   162   0   182   0   179
194   211   206   219   0   192   0
0   0   0   0   219   0   0
198   209   0   212   0   0   216
119   141   0   132   107   0   137
0   175   156   0   167   162   0
122   0   119   121   0   135   118
230   0   0   0   0   0   0
275   0   0   0   0   271   0
0   0   190   222   0   0   197
0   0   0   193   0   212   217
113   117   114   0   135   0   126
0   0   123   0   143   0   151
0   211   217   197   0   0   200
0   0   0   0   131   136   126
171   0   0   0   146   0   169
169   0   162   0   0   0   0
0   131   150   0   0   163   0
189   0   225   0   185   197   219
0   220   192   211   211   188   194
0   0   185   0   174   0   0
172   0   0   186   0   191   0
0   0   142   0   117   115   115
0   140   0   0   154   0   145
0   0   233   0   207   0   193
191   227   225   0   184   206   199
0   112   107   0   129   0   137
193   173   0   0   192   0   0
197   0   0   195   205   190   0
0   214   0   0   222   225   220
209   200   195   0   0   205   0
107   116   128   109   117   0   136
0   0   0   265   0   0   0
0   0   0   234   0   192   0
0   128   0   0   0   0   133
0   242   0   0   241   253   248
147   0   142   0   146   0   0
0   199   221   0   190   199   196
228   0   230   192   0   0   183
0   265   251   281   0   0   0
0   155   0   0   0   0   138
0   251   0   0   267   246   258
207   212   193   0   0   199   0
0   219   0   0   0   0   0
0   0   150   170   164   141   165
0   0   183   0   0   172   177
0   150   0   136   158   0   149
147   128   0   0   135   0   0
0   0   0   126   143   0   0
139   168   151   140   135   0   0
0   0   0   0   0   0   171
0   204   219   0   184   0   0
0   0   0   0   229   0   0
0   205   202   204   0   194   214
0   160   0   0   166   0   151
0   0   218   213   218   221   222
0   139   133   108   0   0   0
0   0   0   228   0   220   192
0   172   200   0   161   0   171
0   224   213   219   210   0   0
0   156   122   127   0   0   0
208   229   194   191   0   0   0
128   136   129   0   141   0   128
0   205   0   212   188   0   0
0   131   0   115   126   0   135
0   0   0   0   220   0   0
187   194   193   161   0   0   190
129   0   131   0   140   144   0
0   197   0   198   0   0   198
0   120   0   0   0   0   0
0   186   210   204   202   224   0
0   0   213   0   0   229   212
281   0   0   245   271   0   0
213   217   0   188   0   199   197
0   152   0   128   0   131   0
0   0   0   185   199   198   0
