2   1   4
4   1   10
5   1   8
7   1   2
10   1   10
11   1   2
12   1   6
14   1   10
18   1   2
21   1   6
23   1   4
24   1   6
25   1   2
27   1   6
28   1   2
30   1   6
33   1   10
35   1   8
39   1   4
40   1   10
42   1   6
43   1   10
47   1   2
49   1   8
6   2   4
8   2   8
11   2   6
14   2   10
15   2   6
18   2   10
19   2   4
21   2   10
23   2   10
24   2   10
26   2   10
29   2   6
30   2   6
33   2   6
35   2   6
39   2   2
40   2   10
41   2   2
42   2   2
43   2   10
45   2   6
46   2   2
49   2   10
2   3   8
5   3   8
8   3   6
9   3   4
10   3   6
11   3   10
12   3   4
13   3   8
15   3   2
21   3   10
25   3   8
27   3   2
29   3   4
30   3   4
31   3   2
32   3   4
34   3   2
36   3   8
38   3   4
39   3   8
41   3   2
44   3   6
45   3   10
47   3   10
49   3   8
50   3   2
1   4   8
4   4   2
6   4   4
9   4   8
12   4   10
13   4   4
14   4   2
15   4   8
16   4   6
17   4   8
18   4   2
19   4   8
21   4   6
23   4   8
24   4   2
28   4   6
29   4   8
32   4   8
35   4   2
36   4   6
39   4   8
40   4   10
41   4   8
43   4   10
44   4   10
46   4   6
47   4   10
48   4   8
49   4   2
1   5   10
4   5   10
5   5   10
9   5   6
21   5   8
22   5   4
23   5   8
25   5   4
27   5   10
28   5   8
29   5   8
30   5   8
31   5   2
32   5   4
37   5   8
40   5   8
41   5   6
43   5   10
44   5   6
47   5   2
48   5   2
49   5   6
50   5   2
2   6   10
3   6   2
4   6   8
8   6   10
10   6   10
14   6   6
16   6   4
17   6   6
22   6   10
23   6   2
24   6   6
32   6   2
33   6   8
34   6   2
35   6   4
39   6   10
43   6   6
44   6   10
46   6   6
48   6   2
50   6   6
3   7   4
4   7   4
6   7   2
12   7   10
14   7   8
15   7   6
16   7   10
18   7   8
20   7   6
23   7   2
24   7   6
26   7   8
27   7   8
30   7   10
31   7   4
33   7   6
34   7   2
36   7   2
39   7   2
41   7   8
43   7   10
44   7   4
46   7   4
47   7   8
48   7   8
2   8   2
4   8   4
6   8   4
7   8   4
10   8   6
11   8   4
15   8   4
17   8   10
18   8   6
20   8   2
21   8   2
22   8   2
24   8   2
28   8   2
29   8   4
34   8   4
38   8   4
39   8   2
40   8   10
41   8   8
44   8   10
45   8   10
48   8   2
49   8   8
50   8   10
