1   1   4
3   1   4
5   1   10
6   1   2
8   1   8
10   1   10
13   1   2
15   1   2
17   1   2
19   1   10
20   1   2
22   1   4
23   1   6
24   1   10
25   1   2
26   1   2
28   1   10
30   1   10
31   1   8
35   1   2
36   1   10
41   1   4
42   1   8
43   1   4
44   1   6
47   1   2
49   1   10
50   1   2
53   1   6
55   1   10
59   1   8
62   1   6
63   1   4
66   1   10
69   1   6
71   1   10
73   1   4
77   1   8
78   1   4
1   2   10
6   2   6
9   2   2
11   2   4
14   2   8
18   2   4
20   2   6
21   2   4
24   2   4
25   2   4
26   2   8
28   2   10
29   2   8
30   2   4
32   2   6
33   2   6
35   2   10
36   2   10
37   2   6
38   2   4
41   2   4
43   2   10
45   2   4
46   2   4
48   2   10
49   2   8
52   2   6
53   2   6
55   2   6
56   2   10
57   2   10
59   2   6
63   2   2
66   2   10
69   2   2
73   2   4
74   2   6
75   2   2
77   2   10
78   2   8
1   3   8
3   3   8
6   3   2
7   3   8
8   3   8
9   3   2
10   3   2
12   3   2
14   3   6
15   3   8
16   3   4
18   3   10
19   3   6
20   3   10
21   3   4
22   3   8
23   3   4
24   3   8
27   3   8
32   3   2
33   3   6
36   3   4
37   3   2
42   3   4
44   3   8
47   3   8
49   3   10
51   3   8
52   3   4
53   3   4
54   3   2
56   3   2
58   3   2
60   3   8
61   3   4
63   3   8
64   3   6
67   3   6
70   3   4
71   3   8
72   3   6
74   3   10
77   3   8
79   3   8
80   3   2
2   4   8
5   4   2
6   4   8
7   4   6
10   4   8
11   4   4
16   4   8
17   4   10
21   4   8
23   4   10
26   4   2
27   4   4
28   4   2
29   4   8
30   4   4
32   4   8
34   4   6
35   4   2
36   4   6
38   4   8
43   4   8
44   4   8
49   4   2
50   4   6
52   4   8
56   4   6
57   4   2
59   4   2
60   4   6
63   4   8
64   4   2
66   4   10
68   4   6
71   4   6
72   4   10
73   4   2
75   4   6
76   4   8
77   4   2
78   4   8
1   5   10
2   5   10
5   5   10
8   5   10
9   5   6
10   5   10
12   5   8
16   5   6
17   5   8
21   5   4
22   5   2
24   5   6
25   5   6
29   5   4
30   5   2
40   5   4
41   5   2
42   5   10
43   5   8
45   5   4
47   5   4
50   5   8
52   5   8
53   5   8
54   5   2
57   5   10
64   5   8
66   5   8
68   5   10
70   5   6
71   5   8
72   5   6
73   5   4
76   5   2
77   5   6
78   5   2
79   5   2
80   5   2
3   6   10
4   6   2
5   6   8
9   6   2
12   6   10
14   6   10
15   6   6
19   6   10
21   6   6
22   6   10
26   6   4
28   6   6
30   6   6
31   6   4
33   6   4
34   6   4
36   6   4
40   6   10
42   6   8
43   6   2
45   6   6
46   6   10
51   6   6
55   6   8
57   6   4
58   6   2
59   6   4
62   6   4
63   6   10
67   6   8
68   6   8
70   6   4
71   6   6
72   6   10
73   6   2
75   6   6
76   6   2
78   6   8
79   6   8
80   6   6
4   7   4
5   7   4
9   7   6
11   7   2
17   7   8
21   7   6
22   7   4
23   7   10
28   7   8
32   7   6
34   7   10
35   7   8
36   7   8
39   7   6
41   7   8
43   7   2
48   7   8
49   7   6
51   7   2
53   7   10
54   7   4
55   7   6
58   7   2
60   7   2
63   7   2
68   7   6
70   7   6
72   7   4
75   7   4
76   7   8
79   7   8
3   8   2
5   8   4
6   8   2
10   8   10
11   8   4
13   8   4
17   8   2
19   8   6
20   8   4
22   8   8
25   8   4
31   8   2
32   8   4
33   8   2
35   8   6
39   8   2
40   8   2
41   8   10
50   8   2
52   8   4
57   8   2
58   8   4
61   8   4
63   8   2
64   8   10
65   8   10
66   8   10
68   8   10
70   8   2
72   8   10
74   8   10
76   8   2
77   8   8
79   8   6
80   8   10
