1   1   4
3   1   8
5   1   10
11   1   2
12   1   4
13   1   2
14   1   10
15   1   2
20   1   2
23   1   4
24   1   6
25   1   6
30   1   10
31   1   6
32   1   2
34   1   6
37   1   10
39   1   8
40   1   6
44   1   10
45   1   10
47   1   4
49   1   2
50   1   8
1   2   10
4   2   2
11   2   6
13   2   4
14   2   4
15   2   8
17   2   8
20   2   10
21   2   4
23   2   10
25   2   10
26   2   10
27   2   4
28   2   4
29   2   10
30   2   8
34   2   6
37   2   6
39   2   6
44   2   10
47   2   4
48   2   2
50   2   10
1   3   8
2   3   8
3   3   8
4   3   2
5   3   2
7   3   2
8   3   4
10   3   4
11   3   10
12   3   8
14   3   8
16   3   8
18   3   4
24   3   8
30   3   10
31   3   2
33   3   8
34   3   4
35   3   2
36   3   4
38   3   2
41   3   6
45   3   8
46   3   6
49   3   10
50   3   8
2   4   6
5   4   8
6   4   4
8   4   10
10   4   8
13   4   4
15   4   2
16   4   4
17   4   8
18   4   6
19   4   6
20   4   2
21   4   8
23   4   8
24   4   8
25   4   2
26   4   6
30   4   2
32   4   6
36   4   8
39   4   2
41   4   2
43   4   6
44   4   10
45   4   6
46   4   10
47   4   2
48   4   6
49   4   10
50   4   2
1   5   10
3   5   10
4   5   6
5   5   10
7   5   8
8   5   4
9   5   8
10   5   6
12   5   2
13   5   2
14   5   6
17   5   4
18   5   2
23   5   8
27   5   4
31   5   10
32   5   8
34   5   8
35   5   2
36   5   4
41   5   8
43   5   10
44   5   10
45   5   8
46   5   6
47   5   4
49   5   2
50   5   6
4   6   2
7   6   10
8   6   6
9   6   2
12   6   10
15   6   4
19   6   4
23   6   2
25   6   6
26   6   4
27   6   6
28   6   10
33   6   6
36   6   2
37   6   8
38   6   2
39   6   4
40   6   4
43   6   8
44   6   6
45   6   6
46   6   10
47   6   2
48   6   6
4   7   6
6   7   8
9   7   8
12   7   4
19   7   10
20   7   8
22   7   6
23   7   2
25   7   6
29   7   8
30   7   6
31   7   8
33   7   2
34   7   10
35   7   4
37   7   6
38   7   2
43   7   6
44   7   10
46   7   4
48   7   4
49   7   8
5   8   10
8   8   10
9   8   10
11   8   4
12   8   8
20   8   6
22   8   2
25   8   2
32   8   2
38   8   4
41   8   10
42   8   10
43   8   10
46   8   10
50   8   8
