0   0   146   147   148   0   0
0   0   196   0   0   0   0
148   0   0   0   0   0   148
0   192   194   0   196   192   196
147   148   0   0   0   148   148
171   0   171   0   0   0   0
194   0   0   0   193   0   194
147   0   0   148   147   146   147
193   193   0   0   194   0   192
0   169   0   172   0   0   0
0   0   148   0   147   0   0
0   197   194   0   196   0   0
0   0   194   192   192   192   192
194   0   197   197   194   193   195
0   0   0   194   0   192   0
0   197   197   193   0   0   193
197   197   0   197   195   0   0
193   0   193   192   0   0   0
197   193   192   0   0   197   196
0   123   0   124   124   0   124
0   0   0   195   0   0   195
0   0   192   193   197   0   194
169   173   171   0   169   0   0
195   194   0   0   0   197   0
0   124   0   0   123   124   123
0   0   146   148   146   148   147
136   0   0   136   0   136   135
0   147   0   147   147   148   148
136   0   136   135   0   136   135
0   0   147   0   147   0   0
193   0   193   0   0   194   0
147   0   0   146   0   148   0
135   0   136   0   0   135   0
193   0   192   192   193   0   0
196   0   194   0   0   194   193
0   0   196   193   0   197   0
0   240   0   0   241   243   0
0   0   0   0   0   136   135
0   197   192   194   0   0   195
194   197   193   0   196   0   0
123   123   0   0   124   124   124
0   0   0   0   0   0   112
135   135   135   0   0   135   0
0   171   0   173   0   0   171
0   136   136   135   135   135   0
0   0   148   0   0   148   148
0   0   196   195   0   193   194
195   0   192   0   0   0   195
0   147   0   0   0   0   0
0   148   0   0   0   147   0
0   239   241   241   243   243   240
0   196   0   0   197   194   193
0   0   195   0   0   193   0
245   245   0   0   0   244   0
0   0   0   173   0   173   173
194   196   195   193   197   195   195
136   0   0   0   0   136   135
0   0   0   0   170   171   0
0   0   123   0   124   0   0
0   135   135   135   0   0   136
0   0   171   169   0   172   0
124   0   124   124   124   124   124
0   0   240   244   245   241   240
194   0   192   197   193   194   194
239   243   0   0   243   244   240
0   0   124   0   124   123   0
0   0   194   197   0   0   192
193   0   0   195   0   0   0
193   0   194   0   192   193   0
0   0   0   0   0   240   0
0   148   147   0   147   146   147
195   0   0   195   193   0   193
0   197   193   195   0   197   0
148   146   148   0   0   147   148
0   146   0   0   148   0   148
0   0   0   0   0   0   192
0   136   0   0   0   136   136
146   0   148   0   0   146   0
192   195   194   0   0   0   196
0   0   0   0   195   0   192
0   124   124   0   123   0   124
0   0   241   245   243   0   0
0   148   148   148   148   0   0
0   196   0   192   0   197   194
112   0   112   112   0   0   112
0   0   195   0   0   0   192
0   0   148   148   0   0   147
136   0   0   135   136   0   0
0   240   241   0   0   0   0
0   171   169   171   171   0   0
0   196   197   197   0   0   192
135   0   135   0   136   0   0
0   0   0   0   0   193   0
0   0   0   0   0   147   148
0   135   0   0   136   136   0
0   193   0   0   195   0   0
0   197   0   0   0   196   192
0   0   0   195   0   0   197
197   0   197   193   0   197   0
0   173   0   172   0   0   0
136   0   0   135   0   135   0
0   195   197   0   0   0   0
0   0   194   0   196   0   195
194   0   0   0   196   193   0
0   0   0   112   0   0   112
195   196   193   192   0   197   0
0   135   0   136   0   135   136
0   0   0   135   135   136   136
0   240   0   0   241   243   0
0   0   123   124   0   0   123
173   0   0   0   169   171   0
0   196   0   193   193   197   194
194   196   0   194   193   0   0
195   194   192   193   0   0   0
0   194   0   0   0   0   0
0   0   0   0   244   244   240
170   170   173   173   0   0   0
197   196   196   0   197   193   196
123   0   0   124   0   124   123
239   0   0   240   245   243   245
0   172   0   171   173   171   0
0   192   196   0   192   0   197
147   148   0   147   0   147   0
0   173   173   0   173   0   0
0   148   148   0   0   147   0
0   243   0   0   0   240   239
124   123   123   0   0   0   0
0   0   0   0   0   193   196
135   0   135   0   136   135   0
194   0   0   194   0   197   0
135   136   135   0   135   0   135
0   196   196   194   0   0   0
194   0   0   0   0   196   0
148   0   0   0   148   147   148
0   0   0   245   0   241   0
196   194   0   0   0   0   0
0   169   0   0   0   0   0
0   136   136   0   135   0   136
193   0   0   0   0   192   0
135   0   136   0   0   135   0
0   135   136   0   136   135   0
0   197   193   196   195   195   193
0   197   0   0   192   0   194
148   0   148   147   147   0   147
146   0   0   148   148   147   148
0   196   0   0   197   0   0
0   195   0   196   0   192   192
0   0   0   193   197   195   0
0   193   0   197   0   193   196
0   0   196   0   0   0   193
0   197   0   194   195   0   194
135   136   0   135   136   135   135
0   146   0   147   146   146   0
148   0   0   0   148   148   148
196   0   0   196   196   197   197
0   197   0   0   0   0   192
194   0   0   0   195   192   0
0   148   0   148   0   0   0
0   0   194   0   192   0   0
170   171   169   171   0   0   0
194   195   0   196   193   196   193
0   240   0   244   0   240   0
195   196   0   0   193   193   194
0   0   0   0   0   197   193
0   0   0   197   0   193   0
192   197   194   0   0   197   196
171   171   171   171   171   170   0
148   147   147   148   0   0   0
0   193   0   0   195   0   0
123   124   124   124   124   124   124
0   245   0   244   0   0   0
0   0   244   0   245   241   240
146   0   0   148   0   0   148
0   147   147   148   0   148   0
240   241   244   0   0   0   244
0   146   146   0   0   148   146
192   197   0   193   0   0   194
173   171   0   0   172   171   170
171   0   171   0   0   0   0
240   0   240   0   244   240   0
194   195   0   0   197   197   192
0   241   245   239   240   0   0
124   124   124   0   124   123   123
194   0   0   0   0   197   0
0   0   195   192   194   196   193
194   0   0   0   192   194   195
194   0   193   0   0   0   192
148   0   146   0   147   0   148
0   0   194   196   194   0   0
0   0   135   0   0   136   135
135   135   0   0   0   0   135
197   0   195   196   192   0   0
0   192   0   0   194   196   0
172   0   0   0   171   0   0
192   194   197   0   0   194   0
147   147   0   0   148   147   0
245   0   0   0   0   239   0
0   0   0   0   197   0   0
0   0   0   0   193   0   193
0   241   245   244   240   244   0
0   124   123   0   0   123   0
112   0   0   112   112   112   112
135   0   136   0   0   0   0
0   0   0   0   0   197   0
0   196   0   0   0   0   0
135   136   0   135   0   0   135
0   197   0   196   0   192   194
0   136   0   0   135   0   135
0   0   0   0   194   0   0
0   0   192   0   0   0   0
148   0   148   147   0   0   0
0   192   0   197   0   196   192
170   169   0   172   169   0   0
0   192   0   195   0   0   0
124   0   124   124   0   124   124
0   192   192   0   194   193   196
192   0   196   0   193   0   197
135   135   135   0   0   136   135
0   135   135   135   0   135   0
194   0   193   193   0   193   196
172   0   0   0   171   171   0
112   112   0   112   0   112   0
193   194   0   0   0   0   0
148   146   0   148   0   148   0
123   0   124   124   124   0   0
0   195   196   192   0   0   196
239   0   243   239   245   0   240
0   173   0   0   171   0   173
0   0   0   147   148   0   0
0   136   0   0   0   0   135
0   195   196   0   197   0   0
124   0   0   124   124   0   0
196   0   0   195   193   0   196
0   173   171   0   0   172   170
146   0   0   0   0   0   147
136   135   0   136   136   0   136
196   0   0   195   0   197   195
197   0   196   193   0   0   195
135   136   0   0   0   135   0
0   136   0   0   136   0   135
0   0   0   0   196   193   0
147   148   0   0   148   0   0
0   192   0   0   193   0   0
136   0   0   0   0   135   136
197   194   0   0   0   0   193
148   0   146   148   148   148   0
0   0   195   194   0   0   0
0   0   0   135   136   135   0
147   148   0   148   0   147   0
0   0   0   0   170   171   172
0   192   197   0   0   0   0
0   0   194   197   196   196   0
147   0   0   147   0   148   148
0   196   0   192   195   0   192
124   123   123   124   124   0   124
0   0   172   0   0   0   171
136   135   136   136   135   136   135
195   0   0   192   0   194   0
136   0   136   136   135   0   0
0   0   0   197   0   0   194
0   0   0   136   0   0   136
0   173   0   0   171   172   170
0   0   135   135   136   0   0
0   0   146   148   148   0   0
0   197   0   0   195   0   0
195   0   0   194   195   0   0
0   124   123   0   0   123   124
0   194   0   196   192   0   197
195   195   197   0   193   0   0
0   195   194   0   0   0   192
243   240   241   0   244   241   245
0   0   196   0   194   193   197
196   193   196   0   0   197   0
194   197   196   197   0   195   0
0   0   0   0   0   197   195
0   0   0   0   0   192   197
0   0   0   0   148   0   0
0   194   194   194   0   194   195
0   146   148   0   0   148   146
193   195   196   197   195   194   0
0   192   0   0   194   196   0
0   0   124   0   0   123   124
124   0   0   124   124   124   0
0   148   148   148   148   148   147
243   0   239   0   0   0   244
148   148   0   148   0   147   148
0   147   148   0   148   0   148
197   192   195   195   196   0   0
196   196   0   195   0   197   195
239   245   240   0   0   0   0
0   147   0   147   0   0   0
135   135   0   136   135   135   136
241   0   0   239   0   244   0
123   0   123   124   124   0   124
195   195   0   197   196   0   192
195   195   193   0   0   194   0
0   0   0   0   124   124   124
148   146   148   148   0   148   0
197   196   194   0   195   197   193
0   135   136   135   0   0   0
0   196   0   196   0   192   195
124   0   0   124   123   0   0
0   0   0   0   195   0   0
136   0   136   135   136   135   0
192   0   0   0   0   196   197
136   0   0   0   0   0   136
193   0   0   196   0   194   0
135   0   0   135   0   135   0
0   194   193   196   0   193   197
0   148   0   0   148   0   0
0   0   195   0   0   0   192
195   0   0   192   196   196   193
146   0   146   0   0   0   148
146   147   148   0   0   148   146
0   124   124   0   0   0   0
0   135   136   0   0   0   0
244   0   240   0   0   0   241
197   197   0   0   0   197   0
135   0   136   0   0   135   0
194   0   194   0   0   0   197
0   195   197   0   193   0   196
195   197   197   0   0   0   197
0   195   0   0   0   192   0
0   0   169   170   172   0   170
0   195   196   197   0   0   194
239   0   0   0   0   0   241
195   0   194   0   0   0   194
147   0   0   0   148   146   148
0   196   193   196   0   192   0
0   193   195   0   0   0   195
0   0   0   192   0   194   0
0   0   192   196   192   0   0
0   136   135   0   136   136   135
241   243   245   0   0   0   240
193   0   192   0   194   195   0
0   0   244   0   0   0   0
169   169   0   171   170   173   0
0   0   0   0   148   147   148
0   0   124   0   0   0   0
0   0   245   243   0   239   245
0   197   0   0   0   196   0
197   0   0   192   195   0   0
0   0   0   0   195   0   192
124   123   0   0   0   0   0
194   194   195   193   196   193   0
0   194   0   196   0   194   192
0   0   0   171   0   173   170
0   0   0   193   0   196   195
192   195   0   0   195   196   0
195   197   192   192   192   195   0
148   0   148   147   0   0   148
0   0   193   0   0   0   0
171   171   0   170   171   0   0
243   240   0   244   0   0   241
0   0   197   192   0   0   0
0   0   239   0   243   241   245
148   146   0   0   148   148   0
171   0   170   0   0   169   171
136   0   135   0   136   0   0
0   0   147   148   0   147   0
0   0   0   0   0   197   197
0   0   194   192   194   0   195
0   0   0   0   0   193   197
0   192   192   0   195   0   192
0   197   195   0   0   193   0
0   0   0   0   148   148   0
0   193   0   0   0   196   192
170   171   172   170   171   171   0
0   124   0   124   0   124   124
196   195   0   195   0   0   193
135   136   136   0   0   135   0
243   241   0   244   0   0   0
245   0   240   0   0   0   0
146   0   148   148   0   0   147
0   173   171   0   0   171   0
135   0   0   0   135   135   0
193   193   194   197   0   192   196
193   193   0   195   197   192   0
0   124   123   124   0   124   124
0   0   0   192   0   193   194
148   0   0   0   0   148   148
243   0   0   0   0   0   0
0   195   193   0   0   0   0
148   0   0   0   0   148   148
195   193   196   0   0   0   0
192   197   193   0   193   0   0
148   146   147   148   0   0   0
124   124   124   0   124   123   124
0   197   196   0   196   195   0
243   0   0   0   244   245   243
196   0   193   192   196   194   0
0   194   192   0   0   197   193
192   0   0   0   0   0   196
0   196   192   195   0   197   194
196   195   192   0   0   0   0
123   0   123   124   0   0   0
0   0   0   0   0   0   146
0   0   0   195   197   0   0
195   194   194   193   196   197   0
0   195   0   0   0   194   0
196   0   192   0   0   193   196
0   0   0   0   0   0   195
0   0   0   148   148   147   0
0   0   146   148   0   0   0
195   195   197   0   0   197   0
147   147   0   0   0   0   148
0   195   195   197   0   0   192
192   197   0   0   0   192   0
0   173   0   0   0   171   169
244   240   0   239   0   0   0
194   0   0   193   0   0   195
148   148   0   148   148   148   148
194   197   196   0   0   196   192
192   192   0   196   0   0   0
135   136   0   135   136   135   0
0   0   0   196   194   194   0
147   148   147   0   0   148   148
195   194   0   197   0   0   0
0   0   0   0   0   0   195
0   194   195   0   194   194   0
197   0   193   197   192   0   0
0   243   239   245   0   245   0
196   196   196   196   196   194   0
0   193   196   194   192   193   196
136   136   0   0   136   0   0
195   0   196   0   194   193   192
0   148   148   147   0   147   0
0   193   0   193   194   197   0
148   148   0   147   0   148   147
136   135   0   135   136   0   135
0   0   146   0   148   148   0
0   193   0   0   0   0   193
0   193   0   0   192   196   193
0   148   0   0   0   0   0
0   0   192   0   0   195   0
0   0   0   0   0   196   195
195   193   0   193   192   194   197
0   0   148   146   0   0   0
195   193   197   193   0   195   194
123   123   0   123   124   0   124
0   0   0   0   0   136   135
0   193   0   192   0   195   0
135   0   0   135   0   0   136
195   194   193   195   0   0   194
0   194   0   197   0   196   0
0   147   147   147   0   147   147
0   0   0   0   192   0   0
197   0   193   0   0   0   194
196   0   195   193   194   195   197
0   0   193   197   195   0   0
0   0   244   0   0   0   243
0   0   0   194   0   0   196
0   0   147   0   0   0   0
0   0   197   197   192   197   196
243   0   241   243   0   245   0
194   0   0   196   195   0   0
195   194   0   0   0   0   0
136   0   135   136   135   135   135
0   0   0   0   0   196   195
0   0   194   196   195   0   0
0   0   0   0   192   195   0
0   147   148   0   0   147   0
173   0   171   0   170   0   171
0   0   196   0   197   196   193
0   0   196   194   195   0   197
135   0   0   136   0   0   136
135   135   0   135   135   0   135
148   148   147   148   147   0   0
0   0   244   241   0   240   0
0   0   197   194   197   0   0
194   0   0   193   197   0   194
0   173   172   0   0   169   0
0   0   0   136   135   136   0
0   192   0   192   0   195   0
0   0   195   196   194   0   0
135   0   0   135   0   135   0
0   193   0   192   0   193   0
0   193   0   196   197   193   0
172   171   169   169   172   171   172
193   0   0   196   192   193   196
0   136   0   135   0   135   0
123   0   0   124   124   124   123
0   0   0   0   135   0   136
0   0   112   0   0   112   0
0   0   195   193   193   192   0
197   196   0   0   0   0   192
192   0   193   197   192   0   194
0   146   0   0   147   0   147
0   0   0   124   124   123   123
195   197   193   0   194   197   195
244   0   0   0   0   245   0
0   196   195   0   0   196   0
0   0   197   0   192   196   0
172   0   0   0   171   0   171
135   0   0   135   0   136   135
136   0   0   0   0   136   135
0   240   0   0   244   241   245
193   196   0   0   193   192   0
244   0   240   0   245   0   240
0   245   243   0   244   239   0
