1   1   4
3   1   4
6   1   2
8   1   2
10   1   2
12   1   6
13   1   10
14   1   2
15   1   2
18   1   2
19   1   10
20   1   6
23   1   6
24   1   4
25   1   8
26   1   6
29   1   2
30   1   10
31   1   2
32   1   6
40   1   4
42   1   10
44   1   10
46   1   10
50   1   4
1   2   10
4   2   4
7   2   8
9   2   4
10   2   6
11   2   4
13   2   4
14   2   4
15   2   8
16   2   6
18   2   10
19   2   10
21   2   6
23   2   10
24   2   4
26   2   10
27   2   10
28   2   4
30   2   8
32   2   6
35   2   10
36   2   10
40   2   2
42   2   10
44   2   10
48   2   6
50   2   8
1   3   8
3   3   8
7   3   6
8   3   8
9   3   10
10   3   10
11   3   4
12   3   4
13   3   8
16   3   6
19   3   4
20   3   10
21   3   2
23   3   10
25   3   4
29   3   8
30   3   10
32   3   4
33   3   2
34   3   4
35   3   2
37   3   2
39   3   4
40   3   8
43   3   6
45   3   4
46   3   8
47   3   6
48   3   10
2   4   8
4   4   4
5   4   4
11   4   8
12   4   10
15   4   2
17   4   8
18   4   2
19   4   6
23   4   6
26   4   2
27   4   6
30   4   2
31   4   6
34   4   8
35   4   6
36   4   2
40   4   8
42   4   10
44   4   10
46   4   6
47   4   10
49   4   8
50   4   8
1   5   10
2   5   10
11   5   4
13   5   6
14   5   6
23   5   8
24   5   2
25   5   10
28   5   4
29   5   4
31   5   8
32   5   8
33   5   2
34   5   4
36   5   10
38   5   8
42   5   8
44   5   10
45   5   6
46   5   8
47   5   6
49   5   2
50   5   2
3   6   10
7   6   10
8   6   6
11   6   6
15   6   4
16   6   4
17   6   6
19   6   4
25   6   8
26   6   6
27   6   4
28   6   6
34   6   2
36   6   4
37   6   2
40   6   10
43   6   8
44   6   6
45   6   4
46   6   6
47   6   10
49   6   2
50   6   8
4   7   2
5   7   8
11   7   6
12   7   10
18   7   8
19   7   8
22   7   6
24   7   8
26   7   6
30   7   6
32   7   10
33   7   4
37   7   2
40   7   2
44   7   10
45   7   6
47   7   4
49   7   8
3   8   2
4   8   4
6   8   4
10   8   4
14   8   4
16   8   2
17   8   10
18   8   6
22   8   2
23   8   2
24   8   10
26   8   2
31   8   2
36   8   2
37   8   4
39   8   4
40   8   2
41   8   10
42   8   10
45   8   2
47   8   10
48   8   10
49   8   2
