1   1   4
4   1   2
6   1   8
8   1   2
9   1   10
11   1   2
12   1   10
13   1   2
14   1   10
16   1   10
19   1   2
20   1   10
21   1   6
22   1   4
23   1   6
26   1   2
28   1   6
29   1   2
32   1   6
37   1   2
38   1   8
40   1   6
41   1   10
44   1   6
45   1   10
49   1   2
1   2   10
4   2   6
7   2   4
10   2   8
11   2   4
12   2   4
13   2   4
14   2   10
15   2   8
16   2   4
19   2   10
20   2   10
21   2   10
22   2   4
23   2   10
24   2   10
25   2   4
27   2   10
31   2   6
32   2   6
35   2   10
37   2   4
38   2   6
41   2   10
44   2   2
45   2   10
48   2   6
1   3   8
4   3   2
5   3   8
6   3   8
9   3   6
12   3   8
20   3   4
21   3   10
26   3   8
28   3   2
30   3   8
31   3   4
32   3   4
33   3   2
34   3   4
35   3   2
36   3   2
37   3   10
39   3   4
42   3   6
46   3   4
47   3   6
48   3   10
49   3   10
2   4   8
4   4   8
5   4   6
7   4   4
8   4   10
11   4   4
14   4   2
15   4   8
16   4   4
17   4   6
18   4   8
19   4   2
20   4   6
21   4   6
23   4   2
24   4   6
29   4   6
31   4   8
34   4   8
35   4   6
37   4   10
38   4   2
41   4   10
43   4   6
45   4   10
47   4   10
49   4   10
50   4   8
1   5   10
2   5   10
6   5   10
8   5   8
11   5   2
12   5   6
13   5   6
15   5   4
16   5   2
21   5   8
22   5   2
26   5   4
28   5   10
29   5   8
31   5   8
32   5   8
33   5   2
34   5   4
41   5   8
43   5   10
45   5   10
46   5   6
47   5   6
49   5   2
50   5   2
3   6   2
9   6   10
14   6   6
16   6   6
17   6   4
18   6   6
20   6   4
23   6   6
24   6   4
25   6   10
30   6   6
34   6   2
36   6   2
38   6   4
40   6   4
42   6   8
43   6   8
45   6   6
46   6   4
47   6   10
50   6   2
3   7   4
7   7   2
8   7   8
10   7   4
14   7   8
17   7   10
19   7   8
20   7   8
22   7   8
23   7   6
27   7   8
28   7   8
30   7   2
32   7   10
33   7   4
36   7   2
43   7   6
45   7   10
46   7   6
47   7   4
49   7   8
50   7   8
4   8   2
7   8   4
8   8   2
9   8   6
13   8   4
18   8   10
19   8   6
21   8   2
22   8   10
23   8   2
29   8   2
31   8   4
36   8   4
37   8   6
39   8   4
41   8   10
43   8   10
46   8   2
47   8   10
48   8   10
50   8   2
