3   1   10
4   1   2
6   1   8
7   1   10
10   1   2
13   1   2
15   1   2
17   1   10
19   1   4
21   1   6
22   1   2
23   1   2
24   1   2
26   1   10
28   1   10
29   1   8
34   1   2
35   1   10
36   1   6
38   1   6
40   1   4
41   1   8
42   1   4
43   1   6
44   1   6
48   1   2
50   1   10
51   1   6
52   1   2
56   1   10
59   1   2
60   1   8
64   1   6
65   1   4
70   1   6
71   1   10
73   1   10
74   1   4
78   1   8
79   1   4
4   2   6
8   2   4
12   2   8
16   2   4
18   2   4
20   2   8
22   2   4
23   2   4
24   2   8
26   2   10
27   2   8
28   2   4
31   2   6
34   2   10
35   2   10
38   2   10
40   2   4
42   2   10
44   2   10
45   2   10
46   2   4
47   2   4
49   2   10
50   2   8
53   2   6
56   2   6
57   2   10
59   2   4
60   2   6
65   2   2
69   2   2
70   2   2
71   2   10
74   2   4
75   2   6
76   2   2
78   2   10
79   2   8
4   3   2
5   3   4
6   3   8
7   3   2
9   3   2
11   3   4
12   3   6
13   3   8
14   3   4
16   3   10
17   3   6
18   3   4
19   3   8
21   3   4
25   3   8
30   3   4
31   3   2
35   3   4
36   3   10
38   3   10
41   3   4
43   3   8
48   3   8
50   3   10
51   3   2
53   3   4
54   3   2
55   3   4
58   3   2
59   3   10
61   3   8
63   3   4
65   3   8
66   3   6
68   3   6
69   3   2
72   3   4
73   3   8
75   3   10
78   3   8
80   3   8
1   4   8
3   4   2
4   4   8
7   4   8
8   4   4
11   4   10
14   4   8
15   4   10
18   4   8
21   4   10
22   4   4
24   4   2
25   4   4
26   4   2
27   4   8
28   4   4
30   4   6
31   4   8
32   4   6
33   4   8
34   4   2
35   4   6
38   4   6
42   4   8
43   4   8
44   4   2
45   4   6
50   4   2
52   4   6
53   4   8
55   4   8
57   4   2
59   4   10
60   4   2
61   4   6
65   4   8
66   4   2
69   4   8
71   4   10
73   4   6
74   4   2
76   4   6
77   4   8
78   4   2
79   4   8
1   5   10
3   5   10
6   5   10
7   5   10
9   5   8
11   5   4
14   5   6
15   5   8
18   5   4
19   5   2
22   5   2
23   5   6
27   5   4
28   5   2
30   5   2
38   5   8
39   5   4
40   5   2
41   5   10
42   5   8
46   5   4
48   5   4
51   5   10
52   5   8
53   5   8
54   5   2
55   5   4
57   5   10
62   5   8
66   5   8
69   5   6
71   5   10
72   5   6
73   5   8
74   5   4
77   5   2
78   5   6
79   5   2
80   5   2
2   6   2
3   6   8
9   6   10
11   6   6
12   6   10
13   6   6
17   6   10
18   6   6
19   6   10
24   6   4
26   6   6
28   6   6
29   6   4
32   6   4
33   6   6
35   6   4
39   6   10
41   6   8
42   6   2
44   6   6
45   6   4
46   6   6
47   6   10
55   6   2
56   6   8
57   6   4
58   6   2
60   6   4
64   6   4
65   6   10
68   6   8
71   6   6
72   6   4
73   6   6
74   6   2
76   6   6
77   6   2
79   6   8
80   6   8
2   7   4
3   7   4
8   7   2
15   7   8
18   7   6
19   7   4
20   7   4
21   7   10
26   7   8
31   7   6
32   7   10
34   7   8
35   7   8
37   7   6
40   7   8
42   7   2
44   7   6
49   7   8
50   7   6
51   7   8
54   7   4
56   7   6
58   7   2
61   7   2
65   7   2
69   7   8
71   7   10
72   7   6
76   7   4
77   7   8
80   7   8
3   8   4
4   8   2
7   8   10
8   8   4
10   8   4
11   8   10
15   8   2
17   8   6
19   8   8
23   8   4
29   8   2
31   8   4
33   8   10
34   8   6
37   8   2
38   8   2
39   8   2
40   8   10
44   8   2
52   8   2
53   8   4
57   8   2
58   8   4
59   8   6
63   8   4
65   8   2
66   8   10
67   8   10
69   8   8
72   8   2
75   8   10
77   8   2
78   8   8
80   8   6
