1   1   4
3   1   4
5   1   2
8   1   8
10   1   10
12   1   2
15   1   2
17   1   2
20   1   2
22   1   2
24   1   4
26   1   6
27   1   2
28   1   2
30   1   10
31   1   8
37   1   2
38   1   6
41   1   4
42   1   8
43   1   4
44   1   6
45   1   6
48   1   2
50   1   6
51   1   2
54   1   10
56   1   2
57   1   8
60   1   6
61   1   4
64   1   10
68   1   6
70   1   10
72   1   4
75   1   2
77   1   8
78   1   4
1   2   10
5   2   6
9   2   2
11   2   4
12   2   10
16   2   8
21   2   4
22   2   6
23   2   4
25   2   8
27   2   4
28   2   8
30   2   4
33   2   6
34   2   6
37   2   10
39   2   6
41   2   4
43   2   10
45   2   10
46   2   4
47   2   4
49   2   10
52   2   6
54   2   6
55   2   10
56   2   4
57   2   6
61   2   2
64   2   10
67   2   2
68   2   2
72   2   4
73   2   6
74   2   2
77   2   10
78   2   8
1   3   8
3   3   8
5   3   2
6   3   8
7   3   4
8   3   8
9   3   2
10   3   2
14   3   2
16   3   6
17   3   8
19   3   4
21   3   10
22   3   10
23   3   4
24   3   8
26   3   4
29   3   8
32   3   4
33   3   2
34   3   6
38   3   10
39   3   2
42   3   4
44   3   8
48   3   8
50   3   2
52   3   4
53   3   4
56   3   10
59   3   4
61   3   8
62   3   6
65   3   6
67   3   2
69   3   4
70   3   8
71   3   6
73   3   10
75   3   10
77   3   8
79   3   8
80   3   2
2   4   8
5   4   8
6   4   6
10   4   8
11   4   4
12   4   10
13   4   4
19   4   8
20   4   10
23   4   8
26   4   10
27   4   4
28   4   2
29   4   4
30   4   4
32   4   6
33   4   8
35   4   6
36   4   8
37   4   2
43   4   8
44   4   8
45   4   2
51   4   6
52   4   8
53   4   8
55   4   2
56   4   10
57   4   2
61   4   8
62   4   2
64   4   10
66   4   6
67   4   8
70   4   6
71   4   10
72   4   2
74   4   6
75   4   10
76   4   8
77   4   2
78   4   8
1   5   10
2   5   10
8   5   10
9   5   6
10   5   10
14   5   8
18   5   8
19   5   6
20   5   8
23   5   4
24   5   2
27   5   2
30   5   2
32   5   2
40   5   4
41   5   2
42   5   10
43   5   8
46   5   4
48   5   4
50   5   10
51   5   8
52   5   8
53   5   4
55   5   10
58   5   8
62   5   8
64   5   8
66   5   10
67   5   6
69   5   6
70   5   8
71   5   6
72   5   4
75   5   2
76   5   2
77   5   6
78   5   2
79   5   2
80   5   2
3   6   10
4   6   2
9   6   2
14   6   10
16   6   10
17   6   6
18   6   2
23   6   6
24   6   10
28   6   4
30   6   6
31   6   4
34   6   4
35   6   4
36   6   6
40   6   10
42   6   8
43   6   2
45   6   6
46   6   6
47   6   10
53   6   2
54   6   8
55   6   4
57   6   4
60   6   4
61   6   10
65   6   8
66   6   8
69   6   4
70   6   6
71   6   10
72   6   2
74   6   6
76   6   2
78   6   8
79   6   8
80   6   6
4   7   4
9   7   6
11   7   2
12   7   8
13   7   8
18   7   8
20   7   8
23   7   6
24   7   4
25   7   4
26   7   10
33   7   6
35   7   10
37   7   8
41   7   8
43   7   2
45   7   6
49   7   8
50   7   8
54   7   6
61   7   2
66   7   6
67   7   8
69   7   6
71   7   4
74   7   4
75   7   8
76   7   8
79   7   8
3   8   2
5   8   2
10   8   10
11   8   4
15   8   4
18   8   10
20   8   2
22   8   4
24   8   8
31   8   2
33   8   4
34   8   2
36   8   10
37   8   6
40   8   2
41   8   10
45   8   2
51   8   2
52   8   4
55   8   2
56   8   6
59   8   4
61   8   2
62   8   10
63   8   10
64   8   10
66   8   10
67   8   8
69   8   2
71   8   10
73   8   10
76   8   2
77   8   8
79   8   6
80   8   10
