1   1   4
3   1   4
5   1   10
6   1   2
10   1   10
12   1   2
15   1   2
20   1   2
22   1   10
23   1   2
25   1   4
27   1   6
28   1   2
29   1   10
30   1   2
31   1   2
32   1   10
33   1   8
38   1   6
41   1   6
43   1   4
44   1   8
45   1   4
46   1   6
47   1   6
50   1   2
52   1   10
53   1   6
54   1   2
56   1   6
59   1   10
65   1   6
66   1   4
67   1   10
71   1   6
74   1   4
77   1   2
78   1   8
1   2   10
6   2   6
9   2   2
11   2   4
12   2   10
17   2   8
21   2   4
23   2   6
24   2   4
26   2   8
28   2   4
29   2   4
30   2   4
31   2   8
32   2   10
35   2   6
39   2   6
40   2   4
41   2   10
43   2   4
45   2   10
47   2   10
48   2   10
49   2   4
51   2   10
52   2   8
55   2   6
56   2   6
59   2   6
60   2   10
61   2   10
66   2   2
67   2   10
70   2   2
71   2   2
74   2   4
75   2   6
76   2   2
78   2   10
1   3   8
3   3   8
6   3   2
7   3   8
8   3   4
9   3   2
10   3   2
14   3   2
16   3   4
17   3   6
19   3   4
21   3   10
22   3   6
23   3   10
24   3   4
25   3   8
27   3   4
29   3   8
34   3   4
35   3   2
38   3   10
39   3   2
41   3   10
44   3   4
46   3   8
50   3   8
52   3   10
53   3   2
55   3   4
56   3   4
57   3   2
58   3   4
60   3   2
62   3   2
63   3   8
64   3   4
66   3   8
68   3   6
70   3   2
72   3   4
73   3   6
75   3   10
77   3   10
78   3   8
79   3   8
80   3   2
2   4   8
5   4   2
6   4   8
7   4   6
10   4   8
11   4   4
12   4   10
13   4   4
16   4   10
19   4   8
20   4   10
24   4   8
27   4   10
28   4   4
31   4   2
32   4   2
34   4   6
35   4   8
36   4   6
37   4   8
40   4   8
41   4   6
45   4   8
46   4   8
47   4   2
48   4   6
52   4   2
54   4   6
55   4   8
58   4   8
60   4   6
61   4   2
63   4   6
66   4   8
67   4   10
69   4   6
70   4   8
73   4   10
74   4   2
76   4   6
77   4   10
78   4   2
1   5   10
2   5   10
5   5   10
9   5   6
10   5   10
14   5   8
16   5   4
18   5   8
19   5   6
20   5   8
24   5   4
25   5   2
28   5   2
29   5   6
30   5   6
34   5   2
41   5   8
42   5   4
43   5   2
44   5   10
45   5   8
50   5   4
53   5   10
54   5   8
55   5   8
56   5   8
57   5   2
58   5   4
61   5   10
67   5   8
69   5   10
70   5   6
72   5   6
73   5   6
74   5   4
77   5   2
78   5   6
79   5   2
80   5   2
3   6   10
4   6   2
5   6   8
9   6   2
14   6   10
16   6   6
17   6   10
18   6   2
22   6   10
24   6   6
25   6   10
31   6   4
32   6   6
33   6   4
36   6   4
37   6   6
42   6   10
44   6   8
45   6   2
47   6   6
48   6   4
49   6   10
58   6   2
59   6   8
61   6   4
62   6   2
65   6   4
66   6   10
68   6   8
69   6   8
72   6   4
73   6   10
74   6   2
76   6   6
79   6   8
80   6   6
4   7   4
5   7   4
9   7   6
11   7   2
12   7   8
13   7   8
18   7   8
20   7   8
24   7   6
25   7   4
26   7   4
27   7   10
32   7   8
35   7   6
36   7   10
43   7   8
45   7   2
47   7   6
51   7   8
52   7   6
53   7   8
56   7   10
57   7   4
59   7   6
62   7   2
63   7   2
66   7   2
69   7   6
70   7   8
72   7   6
73   7   4
76   7   4
77   7   8
79   7   8
3   8   2
5   8   4
6   8   2
10   8   10
11   8   4
15   8   4
16   8   10
18   8   10
20   8   2
22   8   6
23   8   4
25   8   8
30   8   4
33   8   2
35   8   4
37   8   10
41   8   2
42   8   2
43   8   10
47   8   2
54   8   2
55   8   4
61   8   2
62   8   4
64   8   4
66   8   2
67   8   10
69   8   10
70   8   8
72   8   2
73   8   10
75   8   10
78   8   8
79   8   6
80   8   10
