1   1   4
2   1   4
4   1   10
5   1   2
8   1   8
10   1   10
11   1   2
14   1   2
17   1   2
19   1   10
20   1   2
22   1   6
23   1   2
24   1   10
25   1   2
26   1   2
28   1   10
30   1   10
31   1   8
35   1   2
36   1   10
37   1   6
40   1   6
42   1   4
43   1   8
44   1   4
45   1   6
46   1   6
50   1   10
51   1   6
53   1   6
56   1   10
60   1   2
63   1   4
66   1   10
69   1   10
71   1   10
75   1   2
77   1   8
78   1   4
1   2   10
5   2   6
9   2   2
11   2   10
16   2   8
18   2   4
20   2   6
21   2   4
23   2   4
24   2   4
25   2   4
26   2   8
28   2   10
29   2   8
30   2   4
33   2   6
34   2   6
35   2   10
36   2   10
38   2   6
40   2   10
42   2   4
44   2   10
46   2   10
47   2   10
48   2   4
49   2   10
50   2   8
53   2   6
56   2   6
57   2   10
58   2   10
60   2   4
63   2   2
66   2   10
69   2   10
73   2   6
74   2   2
77   2   10
78   2   8
1   3   8
2   3   8
5   3   2
6   3   8
7   3   4
8   3   8
9   3   2
10   3   2
13   3   2
15   3   4
16   3   6
18   3   10
19   3   6
20   3   10
21   3   4
22   3   4
24   3   8
27   3   8
32   3   4
33   3   2
34   3   6
36   3   4
37   3   10
38   3   2
40   3   10
43   3   4
45   3   8
50   3   10
51   3   2
52   3   8
53   3   4
54   3   2
55   3   4
57   3   2
59   3   2
60   3   10
62   3   4
63   3   8
64   3   6
67   3   6
70   3   4
71   3   8
72   3   6
73   3   10
75   3   10
77   3   8
79   3   8
80   3   2
4   4   2
5   4   8
6   4   6
10   4   8
11   4   10
12   4   4
15   4   10
17   4   10
21   4   8
22   4   10
23   4   4
26   4   2
27   4   4
28   4   2
29   4   8
30   4   4
32   4   6
33   4   8
35   4   2
36   4   6
40   4   6
44   4   8
45   4   8
46   4   2
47   4   6
50   4   2
55   4   8
57   4   6
58   4   2
60   4   10
63   4   8
64   4   2
66   4   10
68   4   6
69   4   10
71   4   6
72   4   10
74   4   6
75   4   10
76   4   8
77   4   2
78   4   8
1   5   10
4   5   10
8   5   10
9   5   6
10   5   10
13   5   8
15   5   4
17   5   8
21   5   4
23   5   2
24   5   6
25   5   6
29   5   4
30   5   2
32   5   2
40   5   8
41   5   4
42   5   2
43   5   10
44   5   8
48   5   4
51   5   10
53   5   8
54   5   2
55   5   4
58   5   10
61   5   8
64   5   8
66   5   8
68   5   10
69   5   10
70   5   6
71   5   8
72   5   6
75   5   2
76   5   2
77   5   6
78   5   2
79   5   2
80   5   2
2   6   10
3   6   2
4   6   8
9   6   2
13   6   10
15   6   6
16   6   10
19   6   10
21   6   6
26   6   4
28   6   6
30   6   6
31   6   4
34   6   4
36   6   4
41   6   10
43   6   8
44   6   2
46   6   6
47   6   4
48   6   6
52   6   6
55   6   2
56   6   8
58   6   4
59   6   2
63   6   10
67   6   8
68   6   8
69   6   6
70   6   4
71   6   6
72   6   10
74   6   6
76   6   2
78   6   8
79   6   8
80   6   6
3   7   4
4   7   4
9   7   6
11   7   8
12   7   8
17   7   8
21   7   6
22   7   10
28   7   8
33   7   6
35   7   8
36   7   8
39   7   6
42   7   8
44   7   2
46   7   6
49   7   8
50   7   6
51   7   8
52   7   2
53   7   10
54   7   4
56   7   6
59   7   2
63   7   2
68   7   6
69   7   10
70   7   6
72   7   4
74   7   4
75   7   8
76   7   8
79   7   8
2   8   2
4   8   4
5   8   2
10   8   10
14   8   4
15   8   10
17   8   2
19   8   6
20   8   4
25   8   4
31   8   2
33   8   4
34   8   2
35   8   6
39   8   2
40   8   2
41   8   2
42   8   10
46   8   2
58   8   2
59   8   4
60   8   6
62   8   4
63   8   2
64   8   10
65   8   10
66   8   10
68   8   10
70   8   2
72   8   10
73   8   10
76   8   2
77   8   8
79   8   6
80   8   10
