2   1   4
4   1   10
5   1   2
8   1   8
10   1   10
12   1   2
18   1   2
20   1   2
22   1   4
24   1   6
25   1   2
26   1   10
27   1   10
32   1   10
36   1   6
38   1   4
39   1   6
40   1   6
43   1   2
45   1   10
46   1   6
47   1   2
50   1   6
53   1   10
57   1   2
58   1   8
61   1   6
62   1   4
65   1   10
68   1   6
69   1   10
71   1   10
73   1   4
76   1   2
78   1   8
79   1   4
5   2   6
9   2   2
11   2   4
12   2   10
15   2   8
19   2   4
20   2   6
21   2   4
23   2   8
25   2   8
26   2   10
27   2   4
29   2   6
32   2   10
33   2   6
34   2   4
36   2   10
38   2   4
40   2   10
41   2   4
42   2   4
44   2   10
45   2   8
49   2   6
50   2   6
53   2   6
54   2   10
55   2   10
57   2   4
58   2   6
62   2   2
65   2   10
68   2   2
69   2   10
73   2   4
74   2   6
75   2   2
78   2   10
79   2   8
2   3   8
5   3   2
6   3   8
7   3   4
8   3   8
9   3   2
10   3   2
14   3   2
15   3   6
17   3   4
19   3   10
20   3   10
21   3   4
22   3   8
24   3   4
28   3   4
29   3   6
32   3   4
33   3   2
36   3   10
39   3   8
43   3   8
45   3   10
46   3   2
48   3   8
49   3   4
50   3   4
51   3   2
52   3   4
54   3   2
56   3   2
57   3   10
59   3   8
62   3   8
63   3   6
66   3   6
70   3   4
71   3   8
72   3   6
74   3   10
76   3   10
78   3   8
80   3   2
1   4   8
4   4   2
5   4   8
6   4   6
10   4   8
11   4   4
12   4   10
13   4   4
17   4   8
18   4   10
21   4   8
24   4   10
25   4   2
26   4   2
27   4   4
28   4   6
30   4   6
31   4   8
32   4   6
34   4   8
36   4   6
39   4   8
40   4   2
45   4   2
47   4   6
49   4   8
52   4   8
54   4   6
55   4   2
57   4   10
58   4   2
59   4   6
62   4   8
63   4   2
65   4   10
67   4   6
69   4   10
71   4   6
72   4   10
73   4   2
75   4   6
76   4   10
77   4   8
78   4   2
79   4   8
1   5   10
4   5   10
8   5   10
9   5   6
10   5   10
14   5   8
16   5   8
17   5   6
18   5   8
21   5   4
22   5   2
27   5   2
28   5   2
36   5   8
37   5   4
38   5   2
41   5   4
43   5   4
46   5   10
47   5   8
49   5   8
50   5   8
51   5   2
52   5   4
55   5   10
60   5   8
63   5   8
65   5   8
67   5   10
69   5   10
70   5   6
71   5   8
72   5   6
73   5   4
76   5   2
77   5   2
78   5   6
79   5   2
80   5   2
2   6   10
3   6   2
4   6   8
9   6   2
14   6   10
15   6   10
16   6   2
21   6   6
22   6   10
25   6   4
26   6   6
27   6   6
29   6   4
30   6   4
31   6   6
32   6   4
37   6   10
40   6   6
41   6   6
42   6   10
48   6   6
52   6   2
53   6   8
55   6   4
56   6   2
58   6   4
61   6   4
62   6   10
66   6   8
67   6   8
69   6   6
70   6   4
71   6   6
72   6   10
73   6   2
75   6   6
77   6   2
79   6   8
80   6   6
3   7   4
4   7   4
9   7   6
11   7   2
12   7   8
13   7   8
16   7   8
18   7   8
21   7   6
22   7   4
23   7   4
24   7   10
26   7   8
30   7   10
32   7   8
35   7   6
38   7   8
40   7   6
44   7   8
45   7   6
46   7   8
48   7   2
50   7   10
51   7   4
53   7   6
56   7   2
59   7   2
62   7   2
67   7   6
69   7   10
70   7   6
72   7   4
75   7   4
76   7   8
77   7   8
2   8   2
4   8   4
5   8   2
10   8   10
11   8   4
16   8   10
18   8   2
20   8   4
22   8   8
29   8   2
31   8   10
35   8   2
36   8   2
37   8   2
38   8   10
40   8   2
47   8   2
49   8   4
55   8   2
56   8   4
57   8   6
62   8   2
63   8   10
64   8   10
65   8   10
67   8   10
70   8   2
72   8   10
74   8   10
77   8   2
78   8   8
80   8   10
