1   1   4
3   1   8
6   1   2
8   1   2
12   1   4
14   1   10
17   1   10
21   1   2
22   1   10
23   1   6
27   1   6
28   1   4
29   1   4
30   1   6
31   1   6
37   1   2
38   1   8
42   1   6
43   1   4
46   1   10
48   1   8
1   2   10
4   2   2
5   2   4
10   2   4
11   2   4
13   2   8
14   2   4
16   2   8
17   2   4
18   2   6
21   2   10
22   2   10
24   2   6
25   2   4
27   2   10
28   2   4
29   2   10
31   2   10
32   2   10
33   2   4
36   2   10
37   2   4
38   2   6
43   2   2
46   2   10
48   2   10
1   3   8
3   3   8
4   3   2
7   3   4
8   3   8
9   3   4
10   3   10
11   3   4
12   3   8
14   3   8
15   3   8
18   3   2
22   3   4
23   3   10
24   3   2
27   3   10
30   3   8
34   3   2
35   3   4
37   3   10
39   3   8
41   3   4
43   3   8
44   3   6
48   3   8
49   3   8
50   3   2
5   4   4
7   4   10
9   4   8
11   4   8
15   4   4
16   4   8
17   4   4
18   4   8
19   4   6
20   4   8
21   4   2
22   4   6
25   4   8
27   4   6
29   4   8
30   4   8
31   4   2
32   4   6
35   4   8
36   4   2
37   4   10
38   4   2
39   4   6
43   4   8
45   4   6
46   4   10
47   4   8
48   4   2
1   5   10
3   5   10
4   5   6
7   5   4
9   5   6
11   5   4
12   5   2
14   5   6
16   5   4
17   5   2
27   5   8
28   5   2
29   5   8
34   5   2
35   5   4
36   5   10
40   5   8
45   5   10
46   5   10
47   5   2
48   5   6
49   5   2
50   5   2
2   6   2
4   6   2
7   6   6
8   6   6
11   6   6
12   6   10
17   6   6
19   6   4
20   6   6
22   6   4
29   6   2
31   6   6
32   6   4
33   6   10
35   6   2
36   6   4
38   6   4
42   6   4
43   6   10
44   6   8
45   6   8
46   6   6
47   6   2
49   6   8
50   6   6
2   7   4
4   7   6
5   7   2
11   7   6
12   7   4
13   7   4
18   7   6
19   7   10
21   7   8
22   7   8
26   7   6
28   7   8
29   7   2
31   7   6
34   7   4
39   7   2
43   7   2
45   7   6
46   7   10
47   7   8
49   7   8
5   8   4
6   8   4
7   8   10
12   8   8
18   8   4
20   8   10
21   8   6
26   8   2
27   8   2
28   8   10
31   8   2
36   8   2
37   8   6
41   8   4
43   8   2
45   8   10
47   8   2
48   8   8
49   8   6
50   8   10
