1   1   4
4   1   10
5   1   2
8   1   8
10   1   10
11   1   2
14   1   2
17   1   2
21   1   2
22   1   4
24   1   6
25   1   2
26   1   10
27   1   2
28   1   2
30   1   10
32   1   8
37   1   2
38   1   10
39   1   6
42   1   6
44   1   4
45   1   8
46   1   6
47   1   6
51   1   2
52   1   10
53   1   6
54   1   2
56   1   6
59   1   10
61   1   2
62   1   8
66   1   10
70   1   6
71   1   10
73   1   10
76   1   2
78   1   8
1   2   10
5   2   6
9   2   2
11   2   10
16   2   8
20   2   4
21   2   6
23   2   8
25   2   4
26   2   4
27   2   4
28   2   8
30   2   10
31   2   8
33   2   6
34   2   6
37   2   10
38   2   10
40   2   4
42   2   10
44   2   4
47   2   10
48   2   10
49   2   4
50   2   4
52   2   8
56   2   6
59   2   6
60   2   10
61   2   4
62   2   6
66   2   10
69   2   2
70   2   2
71   2   10
75   2   6
78   2   10
1   3   8
5   3   2
6   3   8
7   3   4
8   3   8
9   3   2
10   3   2
13   3   2
15   3   4
16   3   6
17   3   8
19   3   4
20   3   10
21   3   10
22   3   8
24   3   4
26   3   8
29   3   8
33   3   2
34   3   6
38   3   4
39   3   10
42   3   10
45   3   4
46   3   8
51   3   8
52   3   10
53   3   2
55   3   8
56   3   4
57   3   2
58   3   4
61   3   10
63   3   8
64   3   4
65   3   6
67   3   6
69   3   2
72   3   4
73   3   8
74   3   6
75   3   10
76   3   10
78   3   8
79   3   8
80   3   2
2   4   8
4   4   2
5   4   8
6   4   6
10   4   8
11   4   10
12   4   4
15   4   10
19   4   8
24   4   10
25   4   4
28   4   2
29   4   4
30   4   2
31   4   8
33   4   8
35   4   6
36   4   8
37   4   2
38   4   6
40   4   8
42   4   6
46   4   8
47   4   2
48   4   6
52   4   2
54   4   6
58   4   8
60   4   2
61   4   10
62   4   2
63   4   6
65   4   2
66   4   10
68   4   6
69   4   8
71   4   10
73   4   6
74   4   10
76   4   10
77   4   8
78   4   2
1   5   10
2   5   10
4   5   10
8   5   10
9   5   6
10   5   10
13   5   8
15   5   4
18   5   8
19   5   6
22   5   2
25   5   2
26   5   6
27   5   6
31   5   4
42   5   8
43   5   4
44   5   2
45   5   10
49   5   4
51   5   4
53   5   10
54   5   8
56   5   8
57   5   2
58   5   4
60   5   10
65   5   8
66   5   8
68   5   10
69   5   6
71   5   10
72   5   6
73   5   8
74   5   6
76   5   2
77   5   2
78   5   6
79   5   2
80   5   2
3   6   2
4   6   8
9   6   2
13   6   10
15   6   6
16   6   10
17   6   6
18   6   2
22   6   10
28   6   4
30   6   6
32   6   4
34   6   4
35   6   4
36   6   6
38   6   4
43   6   10
45   6   8
47   6   6
48   6   4
49   6   6
50   6   10
55   6   6
58   6   2
59   6   8
60   6   4
62   6   4
67   6   8
68   6   8
71   6   6
72   6   4
73   6   6
74   6   10
77   6   2
79   6   8
80   6   6
3   7   4
4   7   4
9   7   6
11   7   8
12   7   8
18   7   8
22   7   4
23   7   4
24   7   10
30   7   8
33   7   6
35   7   10
37   7   8
38   7   8
41   7   6
44   7   8
47   7   6
52   7   6
53   7   8
55   7   2
56   7   10
57   7   4
59   7   6
63   7   2
68   7   6
69   7   8
71   7   10
72   7   6
74   7   4
76   7   8
77   7   8
79   7   8
4   8   4
5   8   2
10   8   10
14   8   4
15   8   10
18   8   10
21   8   4
22   8   8
27   8   4
32   8   2
33   8   4
34   8   2
36   8   10
37   8   6
41   8   2
42   8   2
43   8   2
44   8   10
47   8   2
54   8   2
60   8   2
61   8   6
64   8   4
65   8   10
66   8   10
68   8   10
69   8   8
72   8   2
74   8   10
75   8   10
77   8   2
78   8   8
79   8   6
80   8   10
