1   1   4
3   1   4
5   1   10
7   1   8
9   1   10
13   1   2
16   1   2
18   1   2
20   1   2
22   1   4
24   1   6
25   1   2
26   1   10
27   1   2
29   1   10
30   1   8
36   1   2
37   1   6
41   1   6
43   1   4
44   1   8
45   1   4
46   1   6
47   1   6
51   1   2
53   1   10
55   1   6
58   1   10
62   1   2
65   1   6
66   1   4
71   1   10
74   1   4
76   1   2
77   1   8
78   1   4
1   2   10
8   2   2
10   2   4
15   2   8
19   2   4
20   2   6
21   2   4
23   2   8
25   2   4
26   2   4
27   2   4
29   2   4
32   2   6
33   2   6
36   2   10
38   2   6
39   2   4
41   2   10
43   2   4
45   2   10
47   2   10
48   2   10
49   2   4
50   2   4
52   2   10
53   2   8
55   2   6
58   2   6
59   2   10
60   2   10
62   2   4
66   2   2
70   2   2
71   2   10
74   2   4
75   2   6
77   2   10
78   2   8
1   3   8
3   3   8
6   3   4
7   3   8
8   3   2
9   3   2
12   3   2
14   3   4
15   3   6
16   3   8
17   3   4
19   3   10
20   3   10
21   3   4
22   3   8
24   3   4
26   3   8
28   3   8
31   3   4
32   3   2
33   3   6
37   3   10
38   3   2
41   3   10
44   3   4
46   3   8
51   3   8
53   3   10
54   3   8
55   3   4
56   3   2
57   3   4
59   3   2
61   3   2
62   3   10
64   3   4
66   3   8
67   3   6
68   3   6
70   3   2
72   3   4
73   3   6
75   3   10
76   3   10
77   3   8
79   3   8
80   3   2
2   4   8
5   4   2
9   4   8
10   4   4
11   4   4
14   4   10
17   4   8
18   4   10
21   4   8
24   4   10
25   4   4
28   4   4
29   4   4
31   4   6
32   4   8
34   4   6
35   4   8
36   4   2
39   4   8
41   4   6
45   4   8
46   4   8
47   4   2
48   4   6
53   4   2
57   4   8
59   4   6
60   4   2
62   4   10
66   4   8
67   4   2
69   4   6
70   4   8
71   4   10
73   4   10
74   4   2
76   4   10
77   4   2
78   4   8
1   5   10
2   5   10
5   5   10
7   5   10
8   5   6
9   5   10
12   5   8
14   5   4
17   5   6
18   5   8
21   5   4
22   5   2
25   5   2
26   5   6
27   5   6
29   5   2
31   5   2
41   5   8
42   5   4
43   5   2
44   5   10
45   5   8
49   5   4
51   5   4
55   5   8
56   5   2
57   5   4
60   5   10
63   5   8
67   5   8
69   5   10
70   5   6
71   5   10
72   5   6
73   5   6
74   5   4
76   5   2
77   5   6
78   5   2
79   5   2
80   5   2
3   6   10
4   6   2
5   6   8
8   6   2
12   6   10
14   6   6
15   6   10
16   6   6
21   6   6
22   6   10
29   6   6
30   6   4
33   6   4
34   6   4
35   6   6
42   6   10
44   6   8
45   6   2
47   6   6
48   6   4
49   6   6
50   6   10
54   6   6
57   6   2
58   6   8
60   6   4
61   6   2
65   6   4
66   6   10
68   6   8
69   6   8
71   6   6
72   6   4
73   6   10
74   6   2
78   6   8
79   6   8
80   6   6
4   7   4
5   7   4
8   7   6
10   7   2
11   7   8
18   7   8
21   7   6
22   7   4
23   7   4
24   7   10
32   7   6
34   7   10
36   7   8
40   7   6
43   7   8
45   7   2
47   7   6
52   7   8
53   7   6
54   7   2
55   7   10
56   7   4
58   7   6
61   7   2
66   7   2
69   7   6
70   7   8
71   7   10
72   7   6
73   7   4
76   7   8
79   7   8
3   8   2
5   8   4
9   8   10
10   8   4
13   8   4
14   8   10
18   8   2
20   8   4
22   8   8
27   8   4
30   8   2
32   8   4
33   8   2
35   8   10
36   8   6
40   8   2
41   8   2
42   8   2
43   8   10
47   8   2
60   8   2
61   8   4
62   8   6
64   8   4
66   8   2
67   8   10
69   8   10
70   8   8
72   8   2
73   8   10
75   8   10
77   8   8
79   8   6
80   8   10
