2   1   2
4   1   8
6   1   2
10   1   2
13   1   10
15   1   4
16   1   6
17   1   2
18   1   2
20   1   8
24   1   10
26   1   6
27   1   4
28   1   8
29   1   6
32   1   6
33   1   2
35   1   10
38   1   2
40   1   10
44   1   4
46   1   2
48   1   8
2   2   6
5   2   2
6   2   10
9   2   8
12   2   4
14   2   4
17   2   4
18   2   8
19   2   8
22   2   6
24   2   10
25   2   4
26   2   10
27   2   4
29   2   10
30   2   10
31   2   4
35   2   6
36   2   10
38   2   4
40   2   10
42   2   2
44   2   4
45   2   2
48   2   10
2   3   2
3   3   4
4   3   8
5   3   2
8   3   2
9   3   6
10   3   8
12   3   10
13   3   6
14   3   4
15   3   8
16   3   4
21   3   4
22   3   2
24   3   4
26   3   10
28   3   4
32   3   2
34   3   8
37   3   2
38   3   10
41   3   6
42   3   2
43   3   4
46   3   10
48   3   8
49   3   8
50   3   2
2   4   8
6   4   10
7   4   4
14   4   8
16   4   10
17   4   4
18   4   2
19   4   8
21   4   6
22   4   8
23   4   8
24   4   6
25   4   8
26   4   6
29   4   2
30   4   6
33   4   6
36   4   2
38   4   10
40   4   10
42   4   8
44   4   2
45   4   6
46   4   10
47   4   8
48   4   2
4   5   10
5   5   6
8   5   8
11   5   8
14   5   4
15   5   2
17   5   2
19   5   4
21   5   2
26   5   8
27   5   2
28   5   10
32   5   10
33   5   8
36   5   10
40   5   8
42   5   6
43   5   6
44   5   4
46   5   2
47   5   2
48   5   6
49   5   2
50   5   2
1   6   2
5   6   2
8   6   10
9   6   10
10   6   6
11   6   2
13   6   10
14   6   6
15   6   10
18   6   4
20   6   4
23   6   6
24   6   4
28   6   8
29   6   6
30   6   4
31   6   10
34   6   6
35   6   8
36   6   4
37   6   2
41   6   8
43   6   4
44   6   2
45   6   6
47   6   2
49   6   8
50   6   6
1   7   4
5   7   6
6   7   8
7   7   8
11   7   8
14   7   6
15   7   4
16   7   10
22   7   6
24   7   8
27   7   8
29   7   6
32   7   8
34   7   2
35   7   6
37   7   2
42   7   8
43   7   6
45   7   4
46   7   8
47   7   8
49   7   8
2   8   2
11   8   10
13   8   6
15   8   8
20   8   2
22   8   4
23   8   10
26   8   2
27   8   10
29   8   2
33   8   2
36   8   2
37   8   4
38   8   6
39   8   10
40   8   10
42   8   8
43   8   2
47   8   2
48   8   8
49   8   6
50   8   10
