1   1   4
3   1   4
5   1   10
6   1   2
9   1   8
11   1   10
13   1   2
16   1   2
19   1   2
22   1   2
24   1   10
25   1   2
27   1   4
29   1   6
30   1   2
31   1   10
32   1   2
33   1   2
35   1   10
37   1   10
38   1   8
44   1   2
45   1   10
46   1   6
50   1   6
52   1   4
53   1   8
54   1   4
55   1   6
56   1   6
60   1   2
62   1   10
63   1   6
64   1   2
67   1   6
70   1   10
74   1   2
75   1   8
79   1   6
80   1   4
83   1   10
87   1   6
88   1   10
90   1   10
92   1   4
95   1   2
97   1   8
98   1   4
1   2   10
6   2   6
10   2   2
12   2   4
13   2   10
18   2   8
23   2   4
25   2   6
26   2   4
28   2   8
30   2   4
31   2   4
32   2   4
33   2   8
35   2   10
36   2   8
37   2   4
40   2   6
41   2   6
44   2   10
45   2   10
47   2   6
48   2   4
50   2   10
52   2   4
54   2   10
56   2   10
57   2   10
58   2   4
59   2   4
61   2   10
62   2   8
66   2   6
67   2   6
70   2   6
71   2   10
72   2   10
74   2   4
75   2   6
80   2   2
83   2   10
86   2   2
87   2   2
88   2   10
92   2   4
93   2   6
94   2   2
97   2   10
98   2   8
1   3   8
3   3   8
6   3   2
7   3   8
8   3   4
9   3   8
10   3   2
11   3   2
15   3   2
17   3   4
18   3   6
19   3   8
21   3   4
23   3   10
24   3   6
25   3   10
26   3   4
27   3   8
29   3   4
31   3   8
34   3   8
39   3   4
40   3   2
41   3   6
45   3   4
46   3   10
47   3   2
50   3   10
53   3   4
55   3   8
60   3   8
62   3   10
63   3   2
65   3   8
66   3   4
67   3   4
68   3   2
69   3   4
71   3   2
73   3   2
74   3   10
76   3   8
78   3   4
80   3   8
81   3   6
84   3   6
86   3   2
89   3   4
90   3   8
91   3   6
93   3   10
95   3   10
97   3   8
99   3   8
100   3   2
2   4   8
5   4   2
6   4   8
7   4   6
11   4   8
12   4   4
13   4   10
14   4   4
17   4   10
21   4   8
22   4   10
26   4   8
29   4   10
30   4   4
33   4   2
34   4   4
35   4   2
36   4   8
37   4   4
39   4   6
40   4   8
42   4   6
43   4   8
44   4   2
45   4   6
48   4   8
50   4   6
54   4   8
55   4   8
56   4   2
57   4   6
62   4   2
64   4   6
66   4   8
69   4   8
71   4   6
72   4   2
74   4   10
75   4   2
76   4   6
80   4   8
81   4   2
83   4   10
85   4   6
86   4   8
88   4   10
90   4   6
91   4   10
92   4   2
94   4   6
95   4   10
96   4   8
97   4   2
98   4   8
1   5   10
2   5   10
5   5   10
9   5   10
10   5   6
11   5   10
15   5   8
17   5   4
20   5   8
21   5   6
22   5   8
26   5   4
27   5   2
30   5   2
31   5   6
32   5   6
36   5   4
37   5   2
39   5   2
50   5   8
51   5   4
52   5   2
53   5   10
54   5   8
58   5   4
60   5   4
63   5   10
64   5   8
66   5   8
67   5   8
68   5   2
69   5   4
72   5   10
77   5   8
81   5   8
83   5   8
85   5   10
86   5   6
88   5   10
89   5   6
90   5   8
91   5   6
92   5   4
95   5   2
96   5   2
97   5   6
98   5   2
99   5   2
100   5   2
3   6   10
4   6   2
5   6   8
10   6   2
15   6   10
17   6   6
18   6   10
19   6   6
20   6   2
24   6   10
26   6   6
27   6   10
33   6   4
35   6   6
37   6   6
38   6   4
41   6   4
42   6   4
43   6   6
45   6   4
51   6   10
53   6   8
54   6   2
56   6   6
57   6   4
58   6   6
59   6   10
65   6   6
69   6   2
70   6   8
72   6   4
73   6   2
75   6   4
79   6   4
80   6   10
84   6   8
85   6   8
88   6   6
89   6   4
90   6   6
91   6   10
92   6   2
94   6   6
96   6   2
98   6   8
99   6   8
100   6   6
4   7   4
5   7   4
10   7   6
12   7   2
13   7   8
14   7   8
20   7   8
22   7   8
26   7   6
27   7   4
28   7   4
29   7   10
35   7   8
40   7   6
42   7   10
44   7   8
45   7   8
49   7   6
52   7   8
54   7   2
56   7   6
61   7   8
62   7   6
63   7   8
65   7   2
67   7   10
68   7   4
70   7   6
73   7   2
76   7   2
80   7   2
85   7   6
86   7   8
88   7   10
89   7   6
91   7   4
94   7   4
95   7   8
96   7   8
99   7   8
3   8   2
5   8   4
6   8   2
11   8   10
12   8   4
16   8   4
17   8   10
20   8   10
22   8   2
24   8   6
25   8   4
27   8   8
32   8   4
38   8   2
40   8   4
41   8   2
43   8   10
44   8   6
49   8   2
50   8   2
51   8   2
52   8   10
56   8   2
64   8   2
66   8   4
72   8   2
73   8   4
74   8   6
78   8   4
80   8   2
81   8   10
82   8   10
83   8   10
85   8   10
86   8   8
89   8   2
91   8   10
93   8   10
96   8   2
97   8   8
99   8   6
100   8   10
