1   1   4
4   1   10
6   1   8
8   1   10
9   1   2
11   1   2
12   1   2
15   1   2
16   1   10
17   1   2
18   1   2
19   1   2
20   1   2
22   1   10
26   1   10
27   1   6
31   1   6
32   1   2
36   1   10
38   1   2
39   1   4
41   1   10
43   1   6
45   1   4
48   1   8
49   1   4
1   2   10
7   2   2
9   2   10
17   2   6
18   2   4
19   2   4
20   2   8
22   2   10
24   2   6
26   2   10
28   2   6
30   2   4
33   2   6
36   2   6
37   2   10
38   2   4
39   2   2
41   2   10
43   2   2
45   2   4
46   2   6
47   2   2
48   2   10
49   2   8
1   3   8
5   3   8
6   3   8
7   3   2
8   3   2
10   3   2
12   3   8
14   3   4
16   3   6
17   3   10
21   3   8
23   3   4
24   3   6
26   3   4
27   3   10
28   3   2
31   3   2
33   3   4
34   3   2
35   3   4
38   3   10
39   3   8
42   3   6
44   3   6
46   3   10
48   3   8
50   3   8
2   4   8
4   4   2
5   4   6
8   4   8
9   4   10
14   4   8
15   4   10
18   4   4
20   4   2
21   4   4
22   4   2
23   4   6
25   4   8
26   4   6
32   4   6
33   4   8
35   4   8
37   4   2
38   4   10
39   4   8
41   4   10
44   4   10
45   4   2
47   4   6
48   4   2
49   4   8
1   5   10
2   5   10
4   5   10
6   5   10
7   5   6
8   5   10
10   5   8
13   5   8
14   5   6
15   5   8
18   5   2
19   5   6
23   5   2
31   5   10
32   5   8
33   5   8
34   5   2
35   5   4
37   5   10
41   5   8
44   5   6
45   5   4
48   5   6
49   5   2
50   5   2
3   6   2
4   6   8
7   6   2
10   6   10
12   6   6
13   6   2
16   6   10
20   6   4
22   6   6
24   6   4
25   6   6
26   6   4
30   6   10
35   6   2
36   6   8
37   6   4
39   6   10
42   6   8
44   6   10
45   6   2
47   6   6
49   6   8
50   6   8
3   7   4
4   7   4
7   7   6
9   7   8
13   7   8
15   7   8
22   7   8
26   7   8
29   7   6
31   7   8
34   7   4
36   7   6
39   7   2
44   7   4
47   7   4
50   7   8
4   8   4
8   8   10
11   8   4
13   8   10
15   8   2
16   8   6
17   8   4
19   8   4
24   8   2
25   8   10
29   8   2
32   8   2
33   8   4
37   8   2
38   8   6
39   8   2
40   8   10
41   8   10
44   8   10
46   8   10
48   8   8
50   8   6
