1   1   4
3   1   4
5   1   10
6   1   2
9   1   8
10   1   10
12   1   2
14   1   2
19   1   2
21   1   10
24   1   6
25   1   2
26   1   2
29   1   10
30   1   8
36   1   2
37   1   10
38   1   6
41   1   6
43   1   8
44   1   4
45   1   6
46   1   6
49   1   2
50   1   10
51   1   6
52   1   2
55   1   6
59   1   2
60   1   8
63   1   4
65   1   10
69   1   6
70   1   10
71   1   10
73   1   4
76   1   2
78   1   4
1   2   10
6   2   6
11   2   4
12   2   10
16   2   8
20   2   4
22   2   4
23   2   8
25   2   4
26   2   4
28   2   8
29   2   4
32   2   6
33   2   6
36   2   10
37   2   10
39   2   6
40   2   4
41   2   10
44   2   10
46   2   10
47   2   4
48   2   4
50   2   8
54   2   6
55   2   6
57   2   10
59   2   4
60   2   6
63   2   2
65   2   10
68   2   2
69   2   2
70   2   10
73   2   4
74   2   6
75   2   2
78   2   8
1   3   8
3   3   8
6   3   2
7   3   8
8   3   4
9   3   8
10   3   2
13   3   2
15   3   4
16   3   6
18   3   4
20   3   10
21   3   6
22   3   4
24   3   4
27   3   8
31   3   4
32   3   2
33   3   6
37   3   4
38   3   10
39   3   2
41   3   10
43   3   4
45   3   8
49   3   8
50   3   10
51   3   2
53   3   8
54   3   4
55   3   4
56   3   4
57   3   2
58   3   2
59   3   10
61   3   8
63   3   8
64   3   6
66   3   6
68   3   2
71   3   8
72   3   6
74   3   10
76   3   10
79   3   8
80   3   2
2   4   8
5   4   2
6   4   8
7   4   6
10   4   8
11   4   4
12   4   10
15   4   10
18   4   8
19   4   10
22   4   8
24   4   10
25   4   4
27   4   4
28   4   8
29   4   4
31   4   6
32   4   8
34   4   6
35   4   8
36   4   2
37   4   6
40   4   8
41   4   6
44   4   8
45   4   8
46   4   2
50   4   2
52   4   6
54   4   8
56   4   8
57   4   6
59   4   10
60   4   2
61   4   6
63   4   8
64   4   2
65   4   10
67   4   6
68   4   8
70   4   10
71   4   6
72   4   10
73   4   2
75   4   6
76   4   10
77   4   8
78   4   8
1   5   10
2   5   10
5   5   10
9   5   10
10   5   10
13   5   8
15   5   4
17   5   8
18   5   6
19   5   8
22   5   4
25   5   2
26   5   6
28   5   4
29   5   2
31   5   2
41   5   8
42   5   4
43   5   10
44   5   8
47   5   4
49   5   4
51   5   10
52   5   8
54   5   8
55   5   8
56   5   4
62   5   8
64   5   8
65   5   8
67   5   10
68   5   6
70   5   10
71   5   8
72   5   6
73   5   4
76   5   2
77   5   2
78   5   2
79   5   2
80   5   2
3   6   10
4   6   2
5   6   8
13   6   10
15   6   6
16   6   10
17   6   2
21   6   10
22   6   6
29   6   6
30   6   4
33   6   4
34   6   4
35   6   6
37   6   4
42   6   10
43   6   8
44   6   2
46   6   6
47   6   6
48   6   10
53   6   6
56   6   2
58   6   2
60   6   4
63   6   10
66   6   8
67   6   8
70   6   6
71   6   6
72   6   10
73   6   2
75   6   6
77   6   2
78   6   8
79   6   8
80   6   6
4   7   4
5   7   4
11   7   2
12   7   8
17   7   8
19   7   8
22   7   6
23   7   4
24   7   10
32   7   6
34   7   10
36   7   8
37   7   8
44   7   2
46   7   6
50   7   6
51   7   8
53   7   2
55   7   10
58   7   2
61   7   2
63   7   2
67   7   6
68   7   8
70   7   10
72   7   4
75   7   4
76   7   8
77   7   8
79   7   8
3   8   2
5   8   4
6   8   2
10   8   10
11   8   4
14   8   4
15   8   10
17   8   10
19   8   2
21   8   6
26   8   4
30   8   2
32   8   4
33   8   2
35   8   10
36   8   6
41   8   2
42   8   2
46   8   2
52   8   2
54   8   4
58   8   4
59   8   6
63   8   2
64   8   10
65   8   10
67   8   10
68   8   8
72   8   10
74   8   10
77   8   2
79   8   6
80   8   10
