2   1   2
3   1   2
6   1   2
9   1   2
10   1   2
12   1   2
14   1   6
15   1   2
16   1   2
17   1   10
19   1   10
23   1   10
24   1   6
28   1   6
29   1   4
32   1   10
33   1   6
35   1   10
41   1   6
42   1   4
46   1   10
50   1   4
2   2   6
3   2   10
8   2   8
11   2   4
12   2   6
13   2   4
15   2   4
16   2   8
17   2   10
18   2   8
19   2   4
20   2   6
21   2   6
23   2   10
25   2   6
26   2   4
28   2   10
29   2   4
30   2   10
31   2   4
32   2   8
35   2   6
36   2   10
37   2   10
42   2   2
48   2   6
50   2   8
2   3   2
5   3   2
7   3   4
8   3   6
9   3   8
11   3   10
12   3   10
13   3   4
14   3   4
20   3   2
21   3   6
23   3   4
24   3   10
25   3   2
28   3   10
32   3   10
33   3   2
34   3   8
36   3   2
38   3   2
39   3   8
42   3   8
44   3   6
46   3   8
47   3   6
48   3   10
2   4   8
3   4   10
4   4   4
7   4   10
10   4   10
13   4   8
14   4   10
16   4   2
17   4   2
18   4   8
19   4   4
20   4   8
22   4   8
23   4   6
26   4   8
28   4   6
30   4   6
32   4   2
36   4   6
37   4   2
39   4   6
42   4   8
45   4   6
46   4   6
47   4   10
49   4   8
50   4   8
5   5   8
7   5   4
10   5   8
13   5   4
15   5   6
18   5   4
19   5   2
28   5   8
29   5   2
31   5   4
33   5   10
37   5   10
40   5   8
45   5   10
46   5   8
47   5   6
49   5   2
50   5   2
1   6   2
5   6   10
7   6   6
8   6   10
9   6   6
13   6   6
16   6   4
17   6   6
19   6   6
21   6   4
22   6   6
23   6   4
30   6   4
31   6   6
34   6   6
35   6   8
37   6   4
38   6   2
41   6   4
42   6   10
44   6   8
45   6   8
46   6   6
47   6   10
49   6   2
50   6   8
1   7   4
3   7   8
4   7   8
10   7   8
13   7   6
14   7   10
17   7   8
20   7   6
23   7   8
27   7   6
29   7   8
32   7   6
33   7   8
34   7   2
35   7   6
38   7   2
39   7   2
42   7   2
45   7   6
47   7   4
49   7   8
2   8   2
6   8   4
7   8   10
10   8   2
12   8   4
15   8   4
20   8   4
21   8   2
22   8   10
27   8   2
28   8   2
29   8   10
37   8   2
38   8   4
42   8   2
43   8   10
45   8   10
47   8   10
48   8   10
49   8   2
