1   1   4
3   1   4
5   1   10
6   1   2
9   1   8
11   1   10
12   1   2
15   1   2
18   1   2
21   1   2
24   1   4
26   1   6
27   1   2
28   1   10
29   1   2
30   1   2
38   1   2
39   1   6
41   1   6
43   1   4
44   1   6
45   1   6
47   1   2
49   1   10
50   1   6
51   1   2
54   1   6
57   1   10
61   1   2
62   1   6
63   1   4
66   1   10
70   1   6
71   1   10
73   1   4
75   1   2
77   1   8
78   1   4
1   2   10
6   2   6
10   2   2
12   2   10
17   2   8
22   2   4
23   2   4
25   2   8
27   2   4
28   2   4
29   2   4
30   2   8
32   2   8
34   2   6
35   2   6
38   2   10
40   2   6
41   2   10
43   2   4
45   2   10
46   2   4
48   2   10
49   2   8
53   2   6
54   2   6
57   2   6
58   2   10
59   2   10
61   2   4
63   2   2
66   2   10
69   2   2
70   2   2
71   2   10
73   2   4
74   2   2
77   2   10
78   2   8
1   3   8
3   3   8
6   3   2
7   3   8
8   3   4
9   3   8
10   3   2
11   3   2
14   3   2
16   3   4
17   3   6
18   3   8
20   3   4
22   3   10
23   3   4
24   3   8
26   3   4
28   3   8
31   3   8
33   3   4
34   3   2
35   3   6
39   3   10
40   3   2
41   3   10
44   3   8
47   3   8
49   3   10
50   3   2
52   3   8
53   3   4
54   3   4
55   3   2
56   3   4
58   3   2
60   3   2
61   3   10
63   3   8
64   3   6
67   3   6
69   3   2
72   3   4
75   3   10
77   3   8
79   3   8
80   3   2
2   4   8
5   4   2
6   4   8
7   4   6
11   4   8
12   4   10
13   4   4
16   4   10
20   4   8
21   4   10
23   4   8
26   4   10
27   4   4
30   4   2
31   4   4
32   4   8
33   4   6
34   4   8
36   4   6
37   4   8
38   4   2
41   4   6
44   4   8
45   4   2
49   4   2
51   4   6
53   4   8
56   4   8
58   4   6
59   4   2
61   4   10
63   4   8
64   4   2
66   4   10
68   4   6
69   4   8
71   4   10
73   4   2
74   4   6
75   4   10
76   4   8
77   4   2
78   4   8
1   5   10
2   5   10
5   5   10
9   5   10
10   5   6
11   5   10
14   5   8
16   5   4
19   5   8
20   5   6
21   5   8
23   5   4
24   5   2
27   5   2
28   5   6
29   5   6
32   5   4
33   5   2
41   5   8
42   5   4
43   5   2
46   5   4
47   5   4
50   5   10
51   5   8
53   5   8
54   5   8
55   5   2
56   5   4
59   5   10
64   5   8
66   5   8
68   5   10
69   5   6
71   5   10
72   5   6
73   5   4
75   5   2
76   5   2
77   5   6
78   5   2
79   5   2
80   5   2
3   6   10
4   6   2
5   6   8
10   6   2
14   6   10
16   6   6
17   6   10
18   6   6
19   6   2
23   6   6
24   6   10
30   6   4
35   6   4
36   6   4
37   6   6
42   6   10
45   6   6
46   6   6
52   6   6
56   6   2
57   6   8
59   6   4
60   6   2
62   6   4
63   6   10
67   6   8
68   6   8
71   6   6
72   6   4
73   6   2
74   6   6
76   6   2
78   6   8
79   6   8
80   6   6
4   7   4
5   7   4
10   7   6
12   7   8
13   7   8
19   7   8
21   7   8
23   7   6
24   7   4
25   7   4
26   7   10
34   7   6
36   7   10
38   7   8
43   7   8
45   7   6
48   7   8
49   7   6
50   7   8
52   7   2
54   7   10
55   7   4
57   7   6
60   7   2
63   7   2
68   7   6
69   7   8
71   7   10
72   7   6
74   7   4
75   7   8
76   7   8
79   7   8
3   8   2
5   8   4
6   8   2
11   8   10
15   8   4
16   8   10
19   8   10
21   8   2
24   8   8
29   8   4
34   8   4
35   8   2
37   8   10
38   8   6
41   8   2
42   8   2
43   8   10
45   8   2
51   8   2
53   8   4
59   8   2
60   8   4
61   8   6
63   8   2
64   8   10
65   8   10
66   8   10
68   8   10
69   8   8
72   8   2
76   8   2
77   8   8
79   8   6
80   8   10
