2   1   4
3   1   2
4   1   2
6   1   2
12   1   4
13   1   6
14   1   2
15   1   10
16   1   2
17   1   2
18   1   10
20   1   10
25   1   6
26   1   4
27   1   8
28   1   4
29   1   6
34   1   10
37   1   6
40   1   2
42   1   6
43   1   4
44   1   10
3   2   6
4   2   10
7   2   8
10   2   4
11   2   4
14   2   4
15   2   4
16   2   4
17   2   8
18   2   10
19   2   8
20   2   4
22   2   6
26   2   4
28   2   10
30   2   10
31   2   4
32   2   4
33   2   10
34   2   8
36   2   6
37   2   6
39   2   10
40   2   4
43   2   2
44   2   10
46   2   2
48   2   6
49   2   2
2   3   8
3   3   2
7   3   6
9   3   4
10   3   10
11   3   4
12   3   8
13   3   4
15   3   8
21   3   4
22   3   6
25   3   10
27   3   4
29   3   8
34   3   10
35   3   8
36   3   4
37   3   4
38   3   4
39   3   2
40   3   10
41   3   8
43   3   8
45   3   6
46   3   2
47   3   4
48   3   10
50   3   8
1   4   8
3   4   8
4   4   10
5   4   4
9   4   8
11   4   8
13   4   10
14   4   4
17   4   2
18   4   2
19   4   8
20   4   4
21   4   6
23   4   6
24   4   8
28   4   8
29   4   8
30   4   6
34   4   2
36   4   8
38   4   8
39   4   6
40   4   10
41   4   6
43   4   8
44   4   10
46   4   8
49   4   6
1   5   10
8   5   8
9   5   6
11   5   4
12   5   2
14   5   2
15   5   6
16   5   6
19   5   4
20   5   2
21   5   2
26   5   2
27   5   10
28   5   8
31   5   4
36   5   8
37   5   8
38   5   4
44   5   8
46   5   6
47   5   6
50   5   2
2   6   10
7   6   10
8   6   2
11   6   6
12   6   10
17   6   4
18   6   6
20   6   6
22   6   4
23   6   4
24   6   6
27   6   8
28   6   2
30   6   4
31   6   6
32   6   10
35   6   6
38   6   2
42   6   4
43   6   10
45   6   8
47   6   4
49   6   6
50   6   8
4   7   8
5   7   8
8   7   8
11   7   6
12   7   4
13   7   10
18   7   8
23   7   10
26   7   8
28   7   2
33   7   8
34   7   6
35   7   2
37   7   10
41   7   2
43   7   2
46   7   8
47   7   6
49   7   4
50   7   8
2   8   2
3   8   2
6   8   4
8   8   10
12   8   8
16   8   4
22   8   2
24   8   10
26   8   10
36   8   4
40   8   6
43   8   2
44   8   10
46   8   8
47   8   2
48   8   10
50   8   6
