168   176   172   180   0   0   0
0   0   268   0   265   254   270
0   0   0   0   114   114   0
0   0   0   196   0   212   0
0   150   161   142   0   162   0
150   0   0   0   138   147   159
205   215   0   203   212   189   221
136   0   126   122   133   0   0
0   192   0   188   0   0   167
0   136   0   120   128   158   0
0   0   241   0   251   255   262
0   0   0   0   212   192   220
195   0   201   204   0   0   0
266   248   0   0   245   272   0
201   208   188   225   0   188   220
201   0   0   0   0   0   188
0   125   0   0   0   0   122
155   0   0   0   0   127   0
0   0   122   137   0   0   0
132   121   0   0   146   134   111
204   219   0   0   0   216   217
0   0   159   148   0   146   0
0   0   0   155   0   0   0
0   0   206   0   199   0   192
0   141   0   133   172   0   0
138   159   0   0   0   169   163
0   0   272   0   0   0   278
258   0   276   244   0   244   0
216   0   0   0   219   0   0
0   0   0   221   0   0   190
0   216   193   193   193   196   209
191   0   230   0   0   0   0
0   0   168   0   0   198   161
0   0   0   120   0   133   0
219   197   0   212   0   0   0
0   175   167   164   0   186   197
188   0   195   189   0   165   181
0   0   124   0   0   0   0
0   135   161   144   0   0   0
170   0   205   0   169   189   0
144   0   0   0   132   146   148
0   244   255   254   279   0   270
210   220   0   222   0   225   0
215   0   232   0   0   201   0
0   233   0   0   226   207   0
138   158   139   155   144   0   0
222   0   218   0   201   198   0
0   0   198   195   0   196   206
143   0   0   0   125   0   0
281   0   260   278   273   0   0
147   134   0   0   126   129   116
124   133   115   129   108   0   0
0   0   0   204   175   0   0
0   241   0   0   234   284   262
0   134   126   0   106   0   0
0   124   125   128   150   0   154
0   0   0   0   0   170   0
208   0   206   184   0   232   192
229   216   0   0   219   202   198
246   258   0   262   251   234   274
240   0   258   269   252   0   264
0   0   0   0   0   0   206
204   193   218   214   184   0   0
229   0   0   215   209   0   211
192   0   0   0   219   0   212
223   0   0   0   197   0   186
0   159   145   124   0   154   0
205   216   0   217   213   0   0
208   184   0   0   225   0   190
0   0   199   0   0   188   211
124   148   130   141   157   0   0
0   221   0   0   205   212   195
192   0   0   0   0   184   195
194   0   0   0   221   0   218
0   224   0   0   219   221   211
0   199   0   0   0   0   195
197   194   0   219   191   204   0
173   135   163   135   0   0   169
0   0   0   225   195   0   192
215   225   0   0   211   0   207
265   270   0   0   276   267   0
0   204   0   194   0   224   217
210   193   221   229   0   226   193
137   0   131   150   0   123   0
216   183   0   199   0   0   212
134   167   159   150   0   0   135
220   0   215   207   0   208   212
160   157   151   135   174   152   177
0   0   0   0   190   0   0
0   0   0   168   185   175   0
0   182   170   179   191   196   187
0   212   216   196   0   218   0
168   0   139   148   137   0   0
0   163   165   164   0   146   0
0   137   140   0   0   0   0
0   0   229   199   213   196   203
218   195   0   198   0   0   223
191   219   216   205   0   0   0
218   210   0   0   0   0   0
0   139   0   0   0   0   175
0   0   186   0   201   0   0
0   101   101   0   0   0   0
0   0   0   0   0   0   143
226   214   0   0   0   0   223
131   0   0   0   0   109   127
0   0   0   224   210   0   0
0   0   0   0   0   134   121
201   185   219   0   0   0   0
0   131   109   123   0   125   145
0   0   0   224   199   215   0
0   0   205   204   0   195   192
199   193   213   224   191   230   0
156   138   0   0   163   137   131
0   0   0   0   141   0   0
0   142   137   135   0   0   0
207   232   0   226   217   0   194
0   185   186   189   0   211   0
0   217   0   0   0   197   217
0   0   229   224   226   0   213
0   0   0   0   154   121   0
197   0   0   0   0   186   0
227   219   190   221   198   0   0
0   208   0   0   0   198   206
0   0   165   146   168   0   177
195   203   212   0   195   216   0
219   0   184   193   0   204   0
0   0   0   165   139   141   138
0   0   0   145   0   0   0
0   0   219   0   220   0   206
218   0   218   0   199   0   207
0   231   200   224   0   206   231
0   0   0   140   165   0   0
0   0   0   0   197   199   0
132   124   144   124   0   153   137
0   118   0   0   0   128   0
199   197   215   191   0   0   0
0   0   216   0   198   0   0
211   216   218   222   219   0   214
0   153   0   0   163   166   0
153   0   0   127   0   138   127
0   160   142   149   126   0   160
0   267   0   0   272   0   0
173   0   0   165   0   186   0
214   0   0   0   0   196   0
0   0   133   0   121   0   133
0   0   128   0   0   137   132
0   0   228   194   0   0   200
199   0   0   203   217   233   0
0   0   122   0   0   150   153
199   0   0   0   0   194   222
0   186   177   0   200   165   196
0   0   0   217   196   0   0
0   174   134   0   136   147   0
0   190   214   223   0   218   199
0   211   0   214   207   0   0
191   0   0   0   0   0   184
197   0   0   0   0   0   218
0   205   214   0   0   0   199
0   208   0   190   218   189   184
245   274   254   250   0   0   0
0   190   224   203   0   211   0
0   150   143   155   136   0   0
0   103   117   0   0   0   0
207   211   225   192   0   195   196
157   0   0   142   159   0   0
0   165   0   182   0   0   0
260   0   284   238   278   0   0
186   210   211   226   0   0   196
155   0   0   0   0   174   158
0   164   195   0   0   0   0
0   217   208   204   182   208   221
234   0   257   247   264   268   248
0   0   0   247   0   0   0
0   203   192   0   0   0   0
198   211   0   0   207   209   0
214   0   0   190   0   0   186
109   118   129   0   0   124   0
152   140   164   0   156   0   0
0   202   229   203   194   189   192
0   141   0   139   111   0   0
0   0   224   0   220   199   0
0   0   116   124   0   116   133
120   0   110   0   0   0   0
0   0   159   0   143   141   129
0   0   157   145   128   0   0
212   221   0   193   0   0   0
0   210   193   208   220   197   0
0   0   0   203   0   204   232
139   0   0   118   116   126   0
196   0   231   215   190   0   212
193   0   0   171   0   162   0
171   161   168   0   159   0   166
176   0   0   0   158   147   0
0   0   188   203   216   212   0
0   216   0   218   219   0   203
0   194   0   194   0   0   0
0   274   268   0   260   282   0
217   0   0   0   188   195   195
0   0   191   0   202   225   0
143   158   146   0   152   0   0
137   0   0   127   0   0   152
0   186   172   0   164   0   182
201   0   184   0   0   0   195
0   199   0   0   0   167   0
0   0   159   0   0   159   0
0   0   124   131   0   0   150
199   197   197   0   206   0   0
0   134   0   142   125   0   128
264   264   287   0   253   262   262
197   230   186   0   212   200   0
220   0   198   0   213   0   227
0   0   0   0   221   206   234
0   219   216   223   226   210   0
136   130   123   0   0   142   158
0   185   226   0   221   0   0
0   193   0   0   189   198   217
0   143   0   0   146   152   0
212   225   0   199   0   0   0
187   167   0   0   0   0   191
210   0   0   217   220   220   0
0   0   0   0   220   0   216
0   171   0   0   0   0   197
115   0   0   0   0   0   121
193   190   0   0   174   0   0
0   126   0   0   154   0   149
0   128   0   0   0   0   135
209   220   0   208   0   0   197
0   0   0   203   208   0   201
0   189   195   0   0   0   224
0   0   0   189   0   0   0
160   167   0   152   0   0   166
0   222   0   223   0   202   0
208   0   231   0   186   0   0
122   124   0   126   0   0   0
203   220   0   221   200   198   207
222   227   215   0   0   205   239
0   0   0   0   0   0   154
153   156   0   0   148   139   0
129   140   146   145   0   0   0
0   125   135   140   137   0   0
168   175   0   148   155   0   160
0   0   0   0   0   131   148
0   214   198   212   219   197   229
281   0   242   257   266   0   259
190   0   0   0   204   190   188
0   216   0   217   198   216   0
143   0   149   153   133   140   138
0   202   0   0   0   0   0
137   142   148   130   0   151   0
167   0   0   149   0   0   0
0   0   0   0   244   262   270
0   122   110   0   129   117   122
0   0   0   0   160   142   0
130   146   0   135   0   0   130
0   226   202   228   0   193   219
226   197   0   0   0   0   0
0   194   0   0   224   215   0
0   116   109   0   110   0   109
206   216   0   194   212   197   215
197   0   201   197   0   201   215
270   259   254   0   258   248   254
198   0   218   0   209   196   0
0   136   111   146   0   118   0
270   268   0   0   0   0   257
0   0   177   166   0   0   171
156   0   137   0   145   141   157
0   157   0   160   0   140   131
183   0   0   0   0   0   0
0   232   0   198   0   0   0
139   112   127   0   115   107   105
0   0   0   0   0   161   0
0   166   171   0   172   152   0
0   153   150   171   172   0   0
150   0   122   149   0   136   0
0   0   214   0   0   0   0
0   0   0   0   0   204   0
149   0   149   0   169   158   0
191   0   0   172   0   158   170
200   0   0   214   0   0   187
0   148   0   128   0   124   151
222   0   184   0   0   218   0
211   215   185   198   203   182   0
0   155   152   0   137   0   134
0   168   0   160   0   154   0
131   0   0   140   158   0   0
152   132   124   0   0   146   0
204   0   204   0   0   221   0
0   0   191   228   0   197   199
0   141   0   0   142   171   0
0   0   0   170   0   181   0
0   0   128   141   134   127   156
0   0   128   135   0   121   128
127   0   0   111   0   0   0
129   146   143   149   0   0   148
0   0   240   238   0   269   255
0   155   122   0   129   152   0
144   0   0   137   135   137   0
0   0   0   202   227   221   0
0   188   184   0   0   176   170
0   0   257   277   257   263   249
154   0   136   129   0   0   0
0   0   0   0   0   0   259
0   202   0   225   197   0   0
221   0   198   208   0   0   0
129   0   0   0   161   137   0
219   0   0   0   225   0   0
0   157   0   167   0   138   154
0   220   224   0   198   218   0
0   193   0   222   0   185   190
196   0   195   0   222   201   182
225   190   0   206   216   210   0
205   0   226   223   204   0   216
190   0   0   0   0   0   0
0   202   0   0   191   0   224
0   199   233   201   186   0   222
0   177   179   0   170   173   163
0   0   215   188   207   208   212
167   0   188   174   0   183   0
0   165   0   202   0   184   0
0   0   194   198   0   0   205
203   185   0   202   200   204   0
126   148   0   153   125   130   152
0   148   0   0   0   0   0
121   0   0   143   0   157   0
248   264   0   268   265   0   270
147   0   151   139   0   0   137
0   158   175   0   134   0   0
221   200   0   222   216   0   0
0   0   0   0   0   0   165
187   208   0   0   184   185   210
0   0   0   0   0   196   195
196   189   221   230   187   198   0
214   221   0   221   0   0   0
0   184   162   191   189   0   170
0   0   0   134   0   151   0
0   0   199   0   190   217   0
0   0   133   0   0   0   0
0   0   196   224   0   0   0
0   0   0   222   191   0   193
156   161   0   0   164   0   152
157   0   119   125   145   129   0
0   197   0   0   216   0   224
0   0   0   0   0   196   0
0   0   110   101   106   0   114
205   0   208   219   0   209   225
0   212   205   0   197   194   203
0   225   209   0   0   217   0
0   129   0   0   0   149   0
195   217   0   210   0   229   0
0   160   0   143   150   0   0
0   234   0   247   0   281   236
225   0   215   197   224   218   189
198   0   0   0   0   217   187
0   217   0   206   186   217   188
0   191   0   0   0   0   196
0   0   0   0   140   119   112
0   172   0   0   165   166   0
0   0   0   155   167   0   0
203   0   220   0   231   0   0
213   223   0   0   186   226   194
192   0   198   0   0   0   0
212   201   0   0   206   197   0
272   0   0   0   0   0   275
218   0   0   214   211   197   0
196   0   0   0   230   195   187
0   128   135   0   0   144   145
225   217   195   0   0   0   0
125   127   0   0   0   123   111
0   101   0   134   0   0   0
222   203   0   218   0   0   203
152   146   156   122   0   151   157
0   0   218   222   189   0   212
232   220   0   0   223   198   0
199   0   0   203   231   191   0
227   226   0   228   223   215   196
0   160   0   143   147   0   168
133   119   105   0   0   115   0
0   223   225   0   209   218   207
125   101   124   0   0   0   123
0   228   191   206   0   0   208
142   0   0   0   0   174   0
0   159   0   0   0   163   0
0   0   192   194   0   221   0
0   213   0   211   0   212   208
0   182   181   0   178   0   164
0   227   0   0   0   228   210
207   215   217   218   199   222   0
0   194   0   195   0   0   0
113   113   107   0   110   0   108
127   0   0   124   0   128   0
0   125   0   135   0   0   124
169   155   0   0   146   138   157
167   0   161   147   144   0   162
0   179   183   0   181   0   0
207   217   213   202   0   189   0
0   203   207   0   0   0   227
165   159   168   0   0   0   0
210   0   0   0   0   207   0
0   202   0   0   0   203   0
0   161   0   0   146   0   0
0   146   0   122   142   0   0
137   159   0   147   166   135   163
0   0   139   154   157   0   0
0   115   112   0   0   132   141
0   0   0   0   160   140   0
0   0   0   175   0   161   154
195   206   196   0   201   0   0
186   204   0   0   215   0   207
0   265   0   0   273   0   249
0   123   0   138   128   159   0
217   0   0   198   232   0   0
210   204   228   221   0   0   0
0   124   143   136   146   133   133
226   0   229   221   218   0   0
153   159   0   0   121   0   0
199   200   195   0   205   0   212
187   204   0   0   216   223   197
0   226   200   191   0   186   207
225   214   200   219   207   199   198
167   150   0   158   0   153   161
204   0   0   0   0   193   213
206   0   0   200   210   203   197
112   0   144   0   141   0   0
149   156   0   174   146   0   173
203   203   0   212   199   224   0
208   0   204   199   211   219   222
168   0   154   0   0   0   0
172   0   0   0   171   0   0
133   159   144   140   0   132   151
0   191   205   0   197   0   0
0   0   182   0   0   0   0
202   198   195   0   0   212   204
276   265   0   0   0   0   0
0   142   0   166   152   0   139
146   149   160   152   0   0   0
0   0   0   0   155   126   0
206   226   0   200   227   188   226
192   212   223   224   208   0   0
200   0   0   0   199   0   192
0   0   160   168   0   0   0
197   230   0   216   202   226   207
232   0   0   0   224   0   188
0   246   0   0   266   0   0
193   215   207   196   223   0   209
256   0   0   261   266   0   0
173   186   173   0   171   0   164
0   144   167   149   169   171   0
0   0   0   0   0   0   165
0   0   276   267   277   0   0
110   149   135   132   116   140   0
190   0   0   0   223   0   0
0   0   0   214   0   0   0
201   195   0   0   0   0   208
0   0   0   151   157   0   0
138   0   113   134   120   119   0
190   0   223   205   0   0   223
0   0   0   0   0   143   0
0   0   0   0   128   151   0
180   0   0   0   169   170   0
0   0   0   197   191   0   218
160   0   0   124   0   0   127
258   277   0   0   0   0   0
0   192   201   202   207   0   219
0   0   0   137   0   0   158
0   0   0   193   222   205   0
0   128   0   0   111   118   0
206   0   221   212   0   210   193
0   0   0   198   0   0   0
0   0   169   0   0   0   188
112   136   115   0   138   0   0
201   212   233   212   212   197   0
0   0   0   217   0   221   200
119   112   0   135   0   137   0
0   253   250   0   0   0   0
140   142   177   150   160   0   154
213   0   205   209   0   0   0
198   208   205   205   201   0   0
218   190   219   217   221   201   215
126   0   140   0   157   0   0
0   217   213   0   193   190   219
0   0   143   0   125   137   0
149   0   138   0   138   0   144
0   0   133   141   0   124   0
0   0   229   0   188   218   208
159   127   0   0   145   162   129
138   145   0   0   163   0   156
213   233   0   217   0   0   0
0   0   0   142   150   0   0
219   0   0   0   0   0   0
0   0   174   174   162   0   0
156   141   133   127   0   123   0
194   0   0   201   182   195   0
0   0   211   184   201   215   0
0   146   0   0   0   152   137
146   141   0   121   148   142   134
0   0   229   219   206   219   0
126   126   0   0   0   0   111
143   123   0   149   139   159   121
0   179   190   161   172   176   0
0   0   142   159   0   0   0
197   0   228   228   0   0   0
0   0   139   130   108   0   0
0   0   225   0   0   0   217
0   123   137   0   125   0   145
0   120   0   0   112   0   0
192   0   183   0   0   214   0
0   0   0   143   0   0   0
190   0   194   0   221   0   0
183   171   0   164   168   0   0
0   0   185   0   0   202   190
126   0   0   0   143   0   0
179   0   162   0   0   0   157
0   148   0   123   149   0   0
0   0   0   146   155   141   0
0   0   0   0   0   197   0
226   226   0   0   194   229   0
222   0   229   0   201   0   0
214   0   222   231   0   195   0
176   0   196   179   164   172   202
0   0   0   0   0   148   174
0   0   0   194   0   192   203
225   0   199   213   203   211   226
0   169   157   0   143   0   158
208   0   0   0   0   197   211
198   0   0   0   226   0   213
194   221   0   200   199   0   0
254   0   0   0   260   261   271
157   0   148   126   123   151   0
0   267   265   265   268   267   0
0   0   131   0   0   0   0
0   251   0   237   245   0   0
213   0   0   0   0   223   0
230   187   0   0   204   0   0
199   0   0   196   0   0   224
150   0   130   147   0   0   0
0   226   228   220   0   214   0
0   216   0   0   0   183   223
204   0   233   0   0   189   218
0   219   211   198   190   209   0
222   226   213   220   190   226   209
0   207   192   0   197   0   0
129   115   127   0   130   0   121
0   0   0   184   0   219   0
0   0   0   0   246   0   253
0   0   0   189   190   0   205
149   0   0   0   0   0   0
0   0   146   0   0   0   0
206   194   200   0   198   222   0
0   224   0   202   0   0   0
144   133   0   144   0   117   0
172   0   0   0   169   0   0
0   190   0   0   0   0   186
0   244   0   249   245   263   0
206   0   202   210   0   0   213
204   223   206   0   0   0   210
0   0   130   0   0   126   0
129   118   0   107   0   0   137
223   228   214   210   209   205   0
147   0   123   0   0   146   149
0   0   218   0   203   0   201
0   0   218   203   215   200   200
243   0   281   274   286   0   254
0   0   0   203   218   0   219
214   223   0   214   0   222   0
150   128   0   145   137   147   127
0   0   199   0   0   197   0
193   201   0   228   220   198   225
144   175   0   177   0   0   151
204   0   203   226   223   204   201
0   254   274   254   0   274   0
141   136   0   0   0   0   166
0   0   0   136   137   0   127
0   222   0   221   0   0   0
0   0   243   274   0   242   0
223   208   220   0   216   0   196
196   223   0   212   0   0   192
157   0   145   160   0   135   0
167   0   0   0   0   192   0
188   0   0   0   221   212   202
145   115   0   0   0   0   117
0   206   0   0   217   0   0
116   128   110   0   0   132   111
0   200   184   0   175   161   175
196   197   222   0   0   0   0
0   214   196   0   0   0   0
0   0   0   0   205   0   0
0   198   0   0   0   184   0
0   212   216   0   0   0   0
0   0   155   150   129   155   0
228   0   222   0   198   0   0
0   206   212   194   0   202   197
0   0   214   213   201   205   0
0   0   0   0   0   0   211
210   0   210   0   209   194   218
0   0   141   0   0   0   126
0   199   184   0   203   231   219
0   214   0   0   0   0   0
0   0   0   147   0   0   0
150   0   127   0   150   156   146
271   0   263   0   0   0   248
0   219   209   220   0   210   224
0   0   0   224   191   0   213
0   0   146   0   0   0   136
226   215   183   193   0   224   0
218   214   0   217   195   0   0
0   0   253   0   0   0   0
0   225   0   199   0   0   206
209   208   192   0   0   0   0
252   253   264   0   277   0   267
0   0   173   0   170   0   0
116   114   125   0   0   0   0
232   0   190   213   199   0   201
0   0   0   0   202   215   0
0   0   141   129   125   111   119
0   0   275   0   0   0   0
0   265   0   0   0   0   279
220   0   0   0   0   0   201
151   143   0   152   150   0   124
131   125   106   107   0   123   0
135   155   0   0   0   142   0
219   0   0   0   218   0   220
147   148   138   0   0   0   140
0   238   270   0   251   270   0
213   0   208   0   213   210   0
191   0   212   207   0   187   217
0   0   232   0   221   181   216
0   195   204   0   0   204   0
0   225   0   0   0   203   214
0   195   209   0   206   0   200
155   0   153   137   163   0   153
143   0   149   136   0   0   138
0   0   0   0   161   0   169
0   191   0   0   220   219   204
0   0   155   0   154   0   0
0   221   0   0   0   0   0
0   0   188   204   0   227   0
158   171   0   170   140   150   0
0   0   0   0   132   136   0
0   155   0   124   0   0   0
207   0   193   206   214   220   196
0   202   200   193   0   194   184
200   0   0   205   215   0   0
166   136   0   0   163   166   172
278   259   273   0   263   243   232
0   219   190   222   210   0   215
211   0   0   222   0   0   0
0   219   0   225   0   0   201
0   205   196   0   0   0   0
0   221   0   194   0   215   0
0   0   156   141   0   0   0
200   228   220   213   0   0   0
152   130   0   0   0   155   0
176   201   170   0   196   0   0
0   0   212   201   219   211   228
0   0   132   129   0   142   154
171   0   137   0   0   0   153
194   0   197   206   213   199   221
0   0   141   162   137   0   156
0   201   0   191   0   181   233
194   0   218   233   0   0   205
132   143   145   146   0   145   0
212   219   202   0   220   190   214
259   244   0   0   0   260   283
220   186   0   213   0   0   0
0   0   210   196   188   186   0
182   0   0   167   182   0   175
123   110   122   111   140   121   0
0   0   186   0   0   224   0
0   194   0   204   0   0   205
200   195   0   192   0   213   191
0   0   167   172   184   0   197
0   188   0   0   219   0   228
111   129   0   136   115   0   131
193   188   201   0   0   0   0
0   274   0   0   262   0   0
0   218   0   226   221   212   0
141   0   0   0   0   118   0
166   156   0   0   158   158   0
221   228   202   227   186   229   0
0   0   267   0   0   284   0
170   0   0   0   192   191   0
0   0   139   148   160   128   127
0   138   133   0   139   139   150
155   0   0   0   146   0   157
148   0   0   150   0   0   0
170   173   149   0   156   0   0
160   0   0   0   0   0   0
0   0   194   220   0   196   0
0   0   0   0   152   0   0
0   0   159   142   0   162   135
0   0   0   0   0   0   224
198   0   0   224   0   208   0
0   139   122   0   143   0   119
199   0   0   0   167   0   171
135   0   0   150   137   153   0
0   217   0   0   0   194   0
0   0   151   0   0   0   139
0   224   220   0   0   222   194
0   172   138   152   159   151   150
0   160   0   0   194   191   186
125   0   158   153   153   0   0
0   0   147   155   149   150   0
0   0   0   254   0   0   268
0   0   242   264   268   0   257
152   142   0   0   162   141   131
0   0   0   0   162   0   143
0   194   0   223   230   0   0
166   164   200   177   185   0   175
215   0   201   0   0   0   0
0   195   0   0   0   0   0
197   0   0   193   210   196   234
198   234   214   221   206   222   210
0   0   135   0   0   0   150
0   0   162   165   175   168   0
209   0   0   0   0   0   185
216   193   194   0   0   0   0
157   0   159   0   148   0   0
141   0   160   155   0   0   167
0   0   167   0   151   135   0
0   0   0   0   0   199   0
210   0   220   219   213   0   0
202   0   0   212   0   213   0
0   174   161   0   142   137   150
227   0   219   189   231   188   220
0   0   165   0   167   158   167
0   258   272   0   0   0   0
114   0   129   0   124   0   118
0   0   216   0   0   224   210
154   0   0   0   157   151   0
215   208   0   0   196   221   217
211   193   212   0   0   0   0
0   219   0   0   0   202   222
220   191   225   0   200   0   200
196   184   226   0   214   187   211
0   201   173   0   0   170   191
203   0   0   0   193   229   0
116   0   145   117   115   118   0
121   0   112   116   121   0   0
0   186   189   0   167   0   0
191   231   225   0   0   0   194
0   208   196   0   196   210   0
0   0   0   0   0   0   109
134   0   0   0   138   138   0
0   0   199   0   230   223   0
237   237   0   0   242   262   0
276   267   0   262   274   272   0
185   0   197   205   201   0   195
0   161   0   0   0   0   0
202   229   0   0   224   0   0
188   231   199   224   196   0   201
193   0   0   0   0   0   196
0   274   278   272   0   0   254
0   155   136   135   0   146   0
0   0   215   0   0   0   0
207   0   0   0   191   0   198
0   120   0   141   0   0   0
0   0   192   220   216   0   195
0   0   213   211   0   0   0
0   0   210   196   0   207   222
0   0   167   0   0   0   135
0   0   0   144   0   0   135
0   247   0   0   267   0   263
0   0   178   0   0   0   0
192   192   188   190   0   215   198
0   0   0   189   0   0   220
0   212   0   0   0   205   0
0   0   0   0   144   0   0
0   0   144   145   163   167   142
0   131   125   0   0   122   0
166   0   147   0   0   0   149
174   0   0   154   0   0   0
0   0   206   0   0   0   0
0   211   0   0   0   0   0
134   155   0   126   0   0   150
202   194   214   184   0   0   0
0   0   220   215   0   195   206
0   221   0   218   0   188   0
0   0   216   0   208   220   221
213   211   0   0   0   206   0
212   0   207   188   0   198   220
205   217   209   0   0   0   0
116   136   125   112   113   0   0
0   258   0   0   256   235   271
0   0   193   183   191   160   0
0   0   0   171   149   0   142
0   0   0   0   0   227   0
142   0   141   156   0   0   0
0   0   150   0   121   129   148
0   0   202   0   219   213   0
0   0   0   288   274   280   0
150   160   163   0   145   147   0
0   0   113   0   144   139   0
197   0   0   0   193   0   0
0   227   0   0   0   0   220
0   0   0   113   145   0   119
0   0   203   225   218   0   0
143   0   0   0   144   0   0
212   0   0   199   225   208   219
0   196   205   0   0   0   215
0   199   206   0   0   200   0
163   161   157   0   147   171   0
0   0   222   205   0   0   0
224   224   215   204   211   0   224
0   0   0   207   224   0   208
0   0   227   221   234   0   225
0   0   204   191   0   0   0
240   271   273   0   264   0   0
205   0   0   0   211   0   0
168   0   198   0   187   160   0
0   0   199   0   229   197   183
135   0   161   133   0   0   169
0   0   0   138   0   0   0
0   0   0   0   189   187   196
133   0   0   0   163   154   155
0   224   0   0   0   185   203
206   0   214   0   0   0   193
144   0   147   143   0   131   0
168   151   172   135   161   160   166
219   0   0   224   204   188   207
0   228   0   211   197   0   224
221   0   0   199   0   0   210
198   0   0   169   0   195   0
0   211   229   0   204   230   194
244   284   0   0   263   275   275
223   0   0   0   198   0   222
226   228   0   202   193   224   229
269   290   275   277   0   272   0
0   214   0   214   187   202   209
209   0   0   202   0   206   214
0   0   248   0   0   268   275
220   0   0   0   211   0   189
0   0   131   128   0   0   0
0   171   172   0   182   0   0
198   0   203   0   0   220   195
119   0   0   130   0   122   0
0   0   201   0   0   0   190
220   0   193   0   0   0   196
0   151   0   126   140   137   156
222   0   0   0   201   225   211
0   201   0   0   0   210   0
0   0   0   201   202   0   225
0   196   201   0   203   0   199
0   146   0   137   0   155   0
0   148   150   0   0   166   173
0   0   0   175   194   188   190
0   123   142   0   147   133   0
0   0   162   0   182   0   179
115   122   0   0   121   126   0
121   0   0   0   0   144   147
130   0   131   131   0   121   117
194   211   206   219   0   192   0
0   0   0   0   219   0   0
0   0   0   0   281   235   0
200   0   0   196   0   0   0
198   209   0   212   0   0   216
119   141   0   132   107   0   137
223   0   198   0   196   0   205
0   175   156   0   167   162   0
0   229   194   207   219   0   192
108   0   125   120   110   0   130
122   0   119   121   0   135   118
230   0   0   0   0   0   0
275   0   0   0   0   271   0
191   221   0   0   0   217   228
0   149   166   0   170   173   0
0   156   137   133   0   0   137
0   0   190   222   0   0   197
201   0   206   207   0   0   0
0   0   0   193   0   212   217
113   117   114   0   135   0   126
0   0   123   0   143   0   151
216   0   0   214   0   224   221
121   0   0   0   0   0   150
0   118   112   135   123   0   0
0   211   217   197   0   0   200
0   0   0   0   131   136   126
171   0   0   0   146   0   169
0   139   146   0   0   0   0
169   0   162   0   0   0   0
0   131   150   0   0   163   0
189   0   225   0   185   197   219
0   199   0   0   0   0   0
0   220   192   211   211   188   194
124   0   0   111   110   0   125
0   207   0   0   0   221   219
232   0   207   204   0   0   219
0   0   0   156   0   142   0
0   0   185   0   174   0   0
171   172   152   138   0   0   0
0   203   0   193   206   0   0
0   218   0   212   223   0   218
144   132   0   157   0   142   150
228   0   189   0   217   194   185
126   157   140   156   159   0   0
172   0   0   186   0   191   0
0   0   142   0   117   115   115
0   140   0   0   154   0   145
0   0   233   0   207   0   193
191   227   225   0   184   206   199
0   0   0   156   152   0   0
0   112   107   0   129   0   137
193   173   0   0   192   0   0
197   0   0   195   205   190   0
136   151   0   170   0   0   156
146   170   156   0   153   139   0
0   214   0   0   222   225   220
209   200   195   0   0   205   0
229   0   0   198   0   208   0
155   0   145   0   149   0   0
202   203   0   197   199   0   218
0   0   204   223   227   0   0
0   0   190   0   0   0   173
248   0   0   0   259   270   270
107   116   128   109   117   0   136
206   199   212   0   0   210   0
0   0   0   265   0   0   0
199   0   0   0   195   0   206
187   216   192   224   199   229   0
0   196   196   0   0   192   234
0   0   0   234   0   192   0
0   128   0   0   0   0   133
0   242   0   0   241   253   248
147   0   142   0   146   0   0
0   199   221   0   190   199   196
228   0   230   192   0   0   183
0   265   251   281   0   0   0
110   130   129   0   145   0   0
0   204   195   222   0   0   0
134   0   164   0   139   159   0
223   0   0   0   0   0   0
0   155   0   0   0   0   138
0   0   0   215   218   0   219
0   251   0   0   267   246   258
207   212   193   0   0   199   0
222   200   220   212   0   0   225
0   141   150   0   0   0   0
0   219   0   0   0   0   0
0   0   223   218   0   0   0
0   0   0   0   0   176   175
0   0   150   170   164   141   165
0   0   183   0   0   172   177
0   150   0   136   158   0   149
204   171   197   0   0   0   193
147   128   0   0   135   0   0
0   0   0   126   143   0   0
226   205   211   0   196   201   0
0   159   0   129   152   0   124
139   168   151   140   135   0   0
0   0   0   0   0   0   171
0   0   0   0   272   0   0
0   204   219   0   184   0   0
0   0   0   0   229   0   0
0   205   202   204   0   194   214
0   160   0   0   166   0   151
0   0   218   213   218   221   222
0   139   133   108   0   0   0
0   225   0   226   191   0   200
0   0   0   228   0   220   192
0   172   200   0   161   0   171
0   224   213   219   210   0   0
224   220   220   217   0   0   0
0   156   122   127   0   0   0
265   0   0   270   276   247   241
208   229   194   191   0   0   0
128   136   129   0   141   0   128
0   205   0   212   188   0   0
0   0   0   156   0   0   123
0   131   0   115   126   0   135
150   139   155   141   0   0   157
0   0   0   0   220   0   0
187   194   193   161   0   0   190
226   0   216   0   0   227   208
129   0   131   0   140   144   0
0   0   192   0   0   191   0
179   187   173   0   0   185   0
0   0   109   0   0   114   108
0   0   189   0   0   0   195
0   0   209   0   0   0   0
0   197   0   198   0   0   198
0   120   0   0   0   0   0
0   0   0   151   0   142   145
0   186   210   204   202   224   0
192   0   0   204   0   0   215
0   212   229   0   222   201   193
0   154   0   0   143   149   0
107   140   131   130   0   0   110
0   0   213   0   0   229   212
281   0   0   245   271   0   0
150   0   154   148   170   169   0
171   171   173   167   184   162   0
0   0   156   0   0   157   133
254   0   259   251   0   0   0
133   147   0   0   0   142   146
0   143   107   0   123   112   112
0   0   153   159   0   0   0
213   217   0   188   0   199   197
119   0   130   0   134   0   0
0   152   0   128   0   131   0
143   161   0   0   146   153   0
0   0   0   185   199   198   0
