185   169   170   174   0   0   0
0   0   260   0   255   262   256
0   0   0   0   113   115   0
0   0   0   210   0   210   0
0   156   159   143   0   144   0
149   0   0   0   133   147   130
214   205   0   221   211   193   208
135   0   122   133   125   0   0
0   176   0   186   0   0   187
0   131   0   132   131   144   0
0   0   247   0   272   245   264
0   0   0   0   216   201   208
218   0   209   223   0   0   0
261   267   0   0   250   245   0
217   209   214   222   0   199   217
208   0   0   0   0   0   214
0   144   0   0   0   0   148
134   0   0   0   0   148   0
0   0   144   132   0   0   0
130   118   0   0   128   124   119
224   201   0   0   0   216   204
0   0   163   156   0   152   0
0   0   0   131   0   0   0
0   0   207   0   215   0   200
0   143   0   144   150   0   0
156   161   0   0   0   157   148
0   0   256   0   0   0   255
263   0   261   263   0   248   0
204   0   0   0   213   0   0
0   0   0   212   0   0   207
0   210   199   196   202   207   213
202   0   221   0   0   0   0
0   0   181   0   0   178   175
0   0   0   128   0   123   0
211   212   0   200   0   0   0
0   186   168   171   0   188   172
170   0   178   175   0   178   193
0   0   118   0   0   0   0
0   159   164   155   0   0   0
177   0   181   0   185   194   0
149   0   0   0   153   156   161
0   251   256   248   265   0   254
211   198   0   218   0   215   0
195   0   219   0   0   210   0
0   216   0   0   214   200   0
160   159   160   162   158   0   0
215   0   213   0   218   204   0
0   0   218   222   0   204   207
136   0   0   0   142   0   0
262   0   278   277   266   0   0
119   130   0   0   125   118   123
117   134   125   135   127   0   0
0   0   0   187   179   0   0
0   249   0   0   263   255   261
0   119   134   0   124   0   0
0   148   134   136   132   0   144
0   0   0   0   0   144   0
224   0   220   204   0   219   209
212   206   0   0   219   212   207
260   262   0   259   259   254   264
256   0   266   278   267   0   247
0   0   0   0   0   0   202
217   210   206   210   198   0   0
218   0   0   192   205   0   201
210   0   0   0   199   0   213
204   0   0   0   206   0   212
0   146   145   152   0   147   0
212   210   0   221   212   0   0
196   197   0   0   215   0   204
0   0   201   0   0   216   204
137   139   138   145   137   0   0
0   198   0   0   208   200   219
174   0   0   0   0   179   175
202   0   0   0   198   0   201
0   212   0   0   196   217   218
0   218   0   0   0   0   202
201   215   0   199   210   208   0
162   160   148   141   0   0   154
0   0   0   209   205   0   197
215   216   0   0   208   0   204
265   260   0   0   257   261   0
0   220   0   212   0   202   195
213   196   218   213   0   205   214
128   0   151   137   0   140   0
212   203   0   205   0   0   196
158   141   160   147   0   0   157
210   0   200   217   0   218   202
146   148   163   148   167   150   164
0   0   0   0   204   0   0
0   0   0   173   181   180   0
0   195   192   190   174   188   180
0   205   212   199   0   195   0
161   0   155   156   155   0   0
0   166   164   155   0   141   0
0   136   140   0   0   0   0
0   0   217   198   197   218   205
205   214   0   198   0   0   202
211   219   204   202   0   0   0
216   205   0   0   0   0   0
0   162   0   0   0   0   147
0   0   192   0   209   0   0
0   117   116   0   0   0   0
0   0   0   0   0   0   160
215   209   0   0   0   0   218
124   0   0   0   0   126   133
0   0   0   204   215   0   0
0   0   0   0   0   128   137
215   209   214   0   0   0   0
0   133   133   132   0   119   132
0   0   0   204   209   213   0
0   0   207   202   0   200   199
210   215   193   215   201   217   0
146   159   0   0   148   150   149
0   0   0   0   144   0   0
0   136   141   146   0   0   0
194   224   0   205   217   0   196
0   191   210   212   0   210   0
0   210   0   0   0   215   197
0   0   221   213   200   0   198
0   0   0   0   142   134   0
203   0   0   0   0   208   0
211   202   208   210   215   0   0
0   204   0   0   0   196   214
0   0   153   154   148   0   166
198   196   219   0   204   218   0
221   0   213   206   0   200   0
0   0   0   165   162   151   162
0   0   0   148   0   0   0
0   0   204   0   213   0   200
200   0   217   0   215   0   222
0   205   193   219   0   199   207
0   0   0   145   153   0   0
0   0   0   0   203   199   0
147   131   145   138   0   133   149
0   104   0   0   0   107   105
208   218   209   211   0   0   0
0   0   212   0   210   0   0
197   215   212   204   210   0   209
0   150   0   0   151   153   0
146   0   0   137   0   129   141
0   137   140   147   132   0   147
0   259   0   0   250   0   0
189   0   0   176   0   178   0
200   0   0   0   0   210   0
0   0   142   0   134   0   147
0   0   131   0   0   131   124
0   0   224   202   0   0   217
204   0   0   220   212   209   0
0   0   149   0   0   149   132
210   0   0   0   0   195   212
0   186   181   0   185   191   171
0   0   0   199   203   0   0
0   165   143   0   145   158   0
0   198   202   197   0   214   212
0   215   0   210   214   0   0
184   0   0   0   0   0   187
203   0   0   0   0   0   197
0   204   223   0   0   0   217
0   204   0   209   216   212   205
259   244   260   261   0   0   0
0   207   214   211   0   205   0
0   134   142   148   138   0   0
0   113   123   0   0   0   0
212   208   209   214   0   210   199
136   0   0   140   135   0   0
0   171   0   188   0   0   0
247   0   276   248   262   0   0
209   222   207   210   0   0   199
157   0   0   0   0   166   161
0   177   176   0   0   0   0
0   201   205   211   209   195   217
245   0   259   269   263   268   260
0   0   0   252   0   0   0
0   203   209   0   0   0   0
194   201   0   0   209   209   0
192   0   0   194   0   0   204
129   123   123   0   0   118   0
163   145   163   0   150   0   0
0   197   215   209   199   214   196
0   123   0   127   135   0   0
0   0   200   0   214   210   0
0   0   137   135   0   130   133
112   0   120   0   0   114   0
0   0   135   0   147   146   151
0   0   135   142   151   0   0
204   219   0   205   0   0   0
0   207   213   193   192   195   0
0   0   0   201   0   200   209
124   0   0   124   119   120   0
212   0   214   195   207   0   204
187   0   0   176   0   183   0
191   178   178   0   169   0   170
157   0   0   0   162   159   0
0   0   197   197   217   213   0
0   202   0   199   218   0   216
0   197   0   203   0   0   0
0   255   267   0   260   260   0
196   0   0   0   200   208   204
0   0   201   0   204   208   0
150   145   134   0   148   0   0
136   0   0   145   0   0   136
0   177   175   0   179   0   168
214   0   206   0   0   0   194
0   195   0   0   0   194   0
0   0   138   0   0   132   0
0   0   136   130   0   0   150
199   201   195   0   206   0   0
0   136   0   143   142   0   143
267   261   280   0   275   259   273
206   208   203   0   206   206   0
210   0   208   0   201   0   212
0   0   0   0   219   209   213
0   204   219   216   200   220   0
149   133   131   0   0   145   144
0   204   205   0   198   0   0
0   203   0   0   201   211   206
0   150   0   0   144   156   0
204   212   0   205   0   0   0
172   176   0   0   0   0   178
197   0   0   199   205   216   0
0   0   0   0   214   0   218
0   175   0   0   0   0   175
121   0   0   0   0   0   132
191   188   0   0   186   0   0
0   135   0   0   139   0   133
0   133   0   0   0   0   119
210   205   0   215   0   0   211
0   0   0   206   205   0   218
0   205   207   0   0   0   199
0   0   0   198   0   0   0
149   143   0   144   0   0   153
0   204   0   206   0   216   0
207   0   204   0   207   0   0
135   122   0   132   0   0   0
203   198   0   197   203   207   208
217   232   227   0   0   208   210
0   0   0   0   0   0   143
143   136   0   0   144   145   0
134   140   151   137   0   0   0
0   135   132   133   132   0   0
154   150   0   152   162   0   148
0   0   0   0   0   132   118
0   211   205   200   218   212   202
260   0   251   266   261   0   279
185   0   0   0   184   181   194
0   204   0   210   202   211   0
157   0   164   152   147   155   158
0   212   0   0   0   0   0
129   130   133   130   0   132   0
149   0   0   161   0   0   0
0   0   0   0   253   251   266
0   125   117   0   121   123   133
0   0   0   0   132   143   0
139   133   0   134   0   0   131
0   211   211   218   0   221   194
198   221   0   0   0   0   0
0   213   0   0   201   203   0
0   131   124   0   132   0   120
206   214   0   201   208   200   213
205   0   216   214   0   197   195
261   243   266   0   263   274   257
213   0   212   0   209   207   0
0   127   123   123   0   130   0
264   262   0   0   0   0   265
0   0   177   192   0   0   169
152   0   155   0   160   161   145
0   131   0   140   0   147   136
211   0   0   0   0   0   0
0   213   0   216   0   0   0
125   122   139   0   129   122   133
0   0   0   0   0   159   0
0   164   158   0   160   162   0
0   151   149   145   151   0   0
136   0   137   149   0   151   0
0   0   216   0   0   0   0
0   0   0   0   0   209   0
153   0   162   0   147   148   0
176   0   0   179   0   175   189
197   0   0   213   0   0   199
0   133   0   140   0   144   139
209   0   200   0   0   203   0
196   203   196   209   214   193   0
0   156   157   0   155   0   162
0   149   0   143   0   157   0
146   0   0   147   137   0   0
148   139   144   0   0   140   0
205   0   199   0   0   206   0
0   0   212   222   0   205   198
0   160   0   0   155   160   0
0   0   0   182   0   187   0
0   0   148   139   150   131   142
0   0   143   149   0   145   134
125   0   0   121   0   0   0
134   142   141   139   0   0   138
0   0   252   249   0   274   269
0   141   135   0   136   146   0
156   0   0   163   151   142   0
0   0   0   207   216   217   0
0   196   180   0   0   186   173
0   0   257   249   280   267   263
134   0   133   144   0   0   0
0   0   0   0   0   0   266
0   203   0   205   199   0   0
200   0   208   212   0   0   0
145   0   0   0   148   140   0
217   0   0   0   212   0   0
0   153   0   151   0   146   160
0   211   211   0   215   212   0
0   203   0   202   0   209   200
212   0   201   0   198   215   196
208   211   0   206   191   203   0
213   0   204   212   206   0   209
191   0   0   0   0   0   0
0   217   0   0   201   0   211
0   215   219   206   205   0   199
0   194   171   0   180   181   178
0   0   202   199   206   206   195
172   0   179   182   0   190   0
0   187   0   185   0   189   0
0   0   205   223   0   0   213
200   191   0   217   208   206   0
137   130   0   146   142   140   142
0   148   0   0   0   0   0
148   0   0   142   0   151   0
252   267   0   267   261   0   247
151   0   132   145   0   0   151
0   149   161   0   147   0   0
211   215   0   204   205   0   0
0   0   0   0   0   0   153
200   217   0   0   195   201   205
0   0   0   0   0   215   219
213   208   218   202   215   212   0
209   216   0   204   0   0   0
0   179   176   167   187   0   190
0   0   0   134   0   132   0
0   0   192   0   201   217   0
0   0   117   0   0   0   0
0   0   202   203   0   0   0
0   0   0   196   203   0   221
155   156   0   0   149   0   153
138   0   144   142   151   144   0
0   209   0   0   207   0   211
0   0   0   0   0   216   0
0   0   116   114   104   0   119
211   0   217   209   0   211   214
0   207   207   0   213   199   218
0   212   196   0   0   213   0
0   150   0   0   0   134   0
213   204   0   207   0   219   0
0   147   0   144   148   0   0
0   248   0   275   0   272   252
207   0   199   197   213   214   201
204   0   0   0   0   211   208
0   208   0   213   211   204   213
0   192   0   0   0   0   198
0   0   0   0   125   130   120
0   182   0   0   173   173   0
0   0   0   149   160   0   0
208   0   202   0   219   0   0
214   215   0   0   204   217   222
206   0   205   0   0   0   0
201   218   0   0   210   203   0
255   0   0   0   0   0   267
192   0   0   211   204   208   0
209   0   0   0   202   201   213
0   131   139   0   0   150   140
214   202   206   0   0   0   0
133   126   0   0   0   123   119
0   108   0   116   0   0   0
203   217   0   200   0   0   209
152   148   133   142   0   149   148
0   0   212   207   201   0   211
208   216   0   0   220   201   0
223   0   0   212   205   213   0
206   199   0   205   217   202   208
0   145   0   145   146   0   160
114   113   108   0   0   108   0
0   219   210   0   219   208   214
110   112   119   0   0   0   114
0   199   204   218   0   0   221
163   0   0   0   0   159   0
0   161   0   0   0   144   0
0   0   193   222   0   199   0
0   216   0   212   0   195   208
0   179   179   0   170   0   178
0   220   0   0   0   201   206
208   213   204   206   216   194   0
0   187   0   182   0   0   0
108   117   120   0   108   0   107
137   0   0   137   0   151   0
0   141   0   140   0   0   147
145   161   0   0   164   157   163
157   0   159   149   146   0   153
0   169   173   0   191   0   0
211   222   213   222   0   195   0
0   209   203   0   0   0   204
156   143   152   0   0   0   0
204   0   0   0   0   204   0
0   204   0   0   0   215   0
0   153   0   0   162   0   0
0   133   0   140   151   0   0
147   161   0   159   142   162   165
0   0   147   159   147   0   0
0   128   125   0   0   124   118
0   0   0   0   148   150   0
0   0   0   160   0   161   145
203   222   213   0   208   0   0
195   206   0   0   205   0   220
0   267   0   0   248   0   251
0   135   0   132   137   136   0
191   0   0   200   207   0   0
198   210   213   210   0   0   0
0   116   125   120   133   125   125
211   0   203   215   211   0   0
145   145   0   0   137   0   0
201   207   212   0   216   0   216
209   214   0   0   215   213   211
0   205   204   210   0   214   204
215   214   205   191   195   206   206
149   151   0   162   0   147   155
195   0   0   0   0   209   211
218   0   0   217   200   205   216
124   0   129   0   132   0   0
145   150   0   152   149   0   143
207   209   0   207   195   205   0
192   0   220   204   212   211   200
148   0   148   0   0   0   0
174   0   0   0   182   0   0
129   138   144   134   0   137   130
0   197   198   0   216   0   0
0   0   188   0   0   0   0
204   222   222   0   0   211   212
273   256   0   0   0   0   0
0   158   0   154   146   0   146
147   163   148   151   0   0   0
0   0   0   0   130   133   0
201   219   0   196   207   199   202
210   201   212   212   205   0   0
188   0   0   0   186   0   175
0   0   152   146   0   0   0
204   206   0   206   215   223   210
223   0   0   0   206   0   194
0   259   0   0   254   0   0
216   211   196   197   217   0   196
260   0   0   267   247   0   0
185   182   192   0   188   0   172
0   149   161   145   145   146   0
0   0   0   0   0   0   162
0   0   269   253   275   0   0
126   134   134   119   128   129   0
198   0   0   0   209   0   0
0   0   0   201   0   0   0
212   218   0   0   0   0   213
0   0   0   141   138   0   0
134   0   116   135   133   119   0
208   0   216   204   0   0   213
0   0   0   0   0   151   0
0   0   0   0   140   140   0
167   0   0   0   170   188   0
0   0   0   207   191   0   202
144   0   0   137   0   0   133
278   252   0   0   0   0   0
0   215   209   201   202   0   199
0   0   0   154   0   0   149
0   0   0   218   202   214   0
120   114   0   0   115   111   0
203   0   203   204   0   199   211
0   0   0   208   0   0   0
0   0   171   0   0   0   186
125   125   117   0   120   0   0
206   224   212   222   210   214   0
0   0   0   199   0   223   198
118   136   0   136   0   123   0
0   265   272   0   0   0   0
152   151   155   162   159   0   143
200   0   204   201   0   0   0
211   191   211   200   220   0   0
201   202   200   215   205   213   207
139   0   140   0   137   0   0
0   192   197   0   204   205   221
0   0   134   0   127   132   0
137   0   141   0   151   0   135
0   0   125   119   0   130   0
0   0   211   0   210   210   213
135   143   0   0   142   135   133
158   148   0   0   157   0   162
222   218   0   204   0   0   0
0   0   0   141   149   0   0
199   0   0   0   0   0   0
0   0   180   192   171   0   0
134   139   143   146   0   143   0
178   0   0   190   187   180   0
0   0   214   200   203   210   0
0   160   0   0   0   160   150
128   118   0   129   122   127   119
0   0   210   212   209   200   0
135   133   0   0   0   0   133
129   147   0   151   145   147   130
0   180   170   178   188   175   0
0   0   151   144   0   0   0
194   0   205   222   0   0   0
0   0   117   124   120   0   0
0   0   205   0   0   0   223
0   137   123   0   120   0   133
0   131   0   0   129   0   0
199   0   206   0   0   202   0
0   0   0   125   0   0   0
207   0   216   0   208   0   0
191   181   0   186   178   0   0
0   0   210   0   0   198   202
144   0   0   0   136   0   0
171   0   176   0   0   0   167
0   132   0   132   135   0   0
0   0   0   139   136   150   0
0   0   0   0   0   212   0
202   207   0   0   211   201   0
205   0   222   0   210   0   0
216   0   209   217   0   209   0
183   0   176   183   176   172   185
0   0   0   0   0   158   156
0   0   0   199   0   216   207
216   0   221   213   201   216   215
0   148   150   0   156   0   159
202   0   0   0   0   220   204
204   0   0   0   209   0   201
198   218   0   202   211   0   0
265   0   0   0   263   274   255
137   0   138   130   143   137   0
0   258   269   263   275   249   0
0   0   121   0   0   0   0
0   256   0   244   270   0   0
213   0   0   0   0   223   0
215   198   0   0   213   0   0
207   0   0   206   0   0   213
132   0   142   138   0   0   0
0   201   211   212   0   207   0
0   210   0   0   0   200   208
202   0   208   0   0   206   204
0   207   204   198   210   211   0
216   215   203   218   197   211   209
0   221   204   0   218   0   0
112   120   109   0   118   0   106
0   0   0   208   0   214   0
0   0   0   0   258   0   249
0   0   0   202   195   0   211
138   0   0   0   0   0   0
0   0   118   0   0   0   0
208   215   205   0   213   207   0
0   199   0   212   0   0   0
120   129   0   127   0   133   0
147   0   0   0   159   0   0
0   174   0   0   0   0   177
0   263   0   265   256   275   0
209   0   208   206   0   0   199
205   211   201   0   0   0   204
0   0   144   0   0   131   0
124   119   0   132   0   0   128
200   207   211   209   218   201   0
148   0   150   0   0   150   136
0   0   202   0   204   0   198
0   0   193   203   208   206   194
266   0   280   279   262   0   282
0   0   0   222   205   0   203
218   205   0   216   0   212   0
141   143   0   144   133   131   147
0   0   211   0   0   213   0
210   207   0   223   205   214   200
155   166   0   150   0   0   163
191   0   213   208   212   200   203
0   261   265   282   0   276   0
142   149   0   0   0   0   150
0   0   0   136   133   0   132
0   202   0   206   0   0   0
0   0   266   262   0   267   0
208   213   199   0   212   0   217
197   215   0   207   0   0   202
139   0   142   139   0   145   0
173   0   0   0   0   170   0
197   0   0   0   220   197   205
127   137   0   0   0   0   117
0   218   0   0   212   0   0
122   111   104   0   0   115   122
0   179   180   0   181   178   174
200   198   208   0   0   0   0
0   201   222   0   0   0   0
0   0   0   0   201   0   0
0   195   0   0   0   204   0
0   206   214   0   0   0   0
0   0   134   134   132   133   0
217   0   206   0   196   0   0
0   199   213   209   0   198   219
0   0   196   208   203   209   0
0   0   0   0   0   0   206
197   0   213   0   208   205   211
0   0   151   0   0   0   135
0   203   208   0   193   212   216
0   206   0   0   0   0   0
0   0   0   164   0   0   0
145   0   133   0   147   143   136
252   0   247   0   0   0   251
0   214   216   217   0   205   205
0   0   0   210   203   0   204
0   0   146   0   0   0   152
204   211   200   210   0   212   0
195   198   0   199   211   0   0
0   0   266   0   0   0   0
0   216   0   220   0   0   198
219   224   210   0   0   0   0
256   278   266   0   270   0   273
0   0   160   0   144   0   0
131   134   132   0   0   0   0
224   0   198   214   217   0   204
0   0   0   0   221   203   0
0   0   130   135   131   122   127
0   0   255   0   0   0   0
0   257   0   0   0   0   267
208   0   0   0   0   0   209
129   149   0   150   147   0   151
110   112   105   117   0   117   0
140   141   0   0   0   128   0
203   0   0   0   200   0   214
141   162   147   0   0   0   154
0   256   260   0   260   267   0
208   0   209   0   206   202   0
213   0   199   215   0   203   197
0   0   209   0   202   204   203
0   197   222   0   0   201   0
0   213   0   0   0   198   201
0   219   204   0   206   0   207
146   0   150   146   147   0   135
146   0   150   154   0   0   152
0   0   0   0   158   0   165
0   205   0   0   214   211   213
0   0   154   0   146   0   0
0   206   0   0   0   0   0
0   0   196   210   0   200   0
156   160   0   144   156   158   0
0   0   0   0   127   127   0
0   136   0   149   0   0   0
215   0   204   212   207   207   199
0   186   176   173   0   186   181
207   0   0   218   218   0   0
156   161   0   0   162   151   150
252   249   262   0   277   259   256
0   203   204   206   198   0   215
201   0   0   221   0   0   0
0   208   0   217   0   0   211
0   196   207   0   0   0   0
0   207   0   201   0   218   0
0   0   142   133   0   0   0
201   216   204   213   0   0   0
144   133   0   0   0   141   0
181   186   173   0   185   0   0
0   0   212   222   211   215   205
0   0   148   147   0   147   129
161   0   162   0   0   0   164
220   0   204   206   198   210   209
0   0   166   146   151   0   160
0   210   0   203   0   204   220
211   0   204   224   0   0   210
143   148   129   135   0   148   0
213   215   205   0   198   196   195
274   251   0   0   0   251   264
219   199   0   204   0   0   0
0   0   213   209   206   197   0
176   0   0   187   170   0   190
128   117   123   133   133   128   0
0   0   208   0   0   202   0
0   221   0   211   0   0   196
210   198   0   192   0   206   203
0   0   183   190   187   0   180
0   207   0   0   203   0   208
131   128   0   126   130   0   119
200   210   210   0   0   0   0
0   260   0   0   263   0   0
0   210   0   200   199   206   0
145   0   0   0   0   147   0
152   157   0   0   146   165   0
211   213   203   219   194   213   0
0   0   261   0   0   262   0
175   0   0   0   180   175   0
0   0   133   138   142   149   138
0   163   148   0   158   163   141
136   0   0   0   138   0   147
151   0   0   145   0   0   0
160   152   160   0   157   0   0
148   0   0   0   0   0   0
0   0   193   214   0   214   0
0   0   0   0   137   0   0
0   0   160   157   0   156   161
0   0   0   0   0   0   207
215   0   0   224   0   211   0
0   135   122   0   117   0   116
170   0   0   0   179   0   175
158   0   0   156   149   151   0
0   210   0   0   0   205   0
0   0   153   0   0   0   148
0   208   203   0   0   212   209
0   160   148   147   145   158   145
0   170   0   0   170   187   172
134   0   143   130   137   0   0
0   0   159   147   162   151   0
0   0   0   254   0   0   271
0   0   248   250   248   0   253
136   148   0   0   139   132   146
0   0   0   0   148   0   140
0   208   0   202   223   0   0
181   175   192   185   185   0   185
220   0   222   0   0   0   0
0   222   0   0   0   0   0
203   0   0   212   217   202   208
221   220   214   209   209   210   195
0   0   139   0   0   0   145
0   0   186   181   180   176   0
207   0   0   0   0   0   207
198   197   208   0   0   0   0
157   0   150   0   159   0   0
153   0   155   143   0   0   151
0   0   143   0   153   154   0
0   0   0   0   0   200   0
207   0   214   212   196   0   0
217   0   0   204   0   201   0
0   149   145   0   160   147   153
204   0   223   202   218   212   206
0   0   159   0   154   157   148
0   262   271   0   0   0   0
109   0   104   0   111   0   109
0   0   195   0   0   209   206
135   0   0   0   134   139   0
208   221   0   0   210   210   203
215   195   210   0   0   0   0
0   219   0   0   0   212   216
203   214   212   0   220   0   223
211   214   220   0   216   202   211
0   184   187   0   0   188   174
202   0   0   0   207   205   0
131   0   130   124   127   131   0
139   0   120   124   120   0   0
0   178   170   0   172   0   0
208   211   205   0   0   0   195
0   214   208   0   207   199   0
0   0   0   0   0   0   120
138   0   0   0   147   129   0
0   0   200   0   205   201   0
249   261   0   0   254   275   0
266   276   0   259   252   254   0
177   0   189   183   177   0   190
0   146   0   0   0   0   0
195   219   0   0   198   0   0
200   222   207   199   219   0   211
183   0   0   0   0   0   184
0   273   277   263   0   0   266
0   150   142   133   0   149   0
0   0   209   0   0   0   0
214   0   0   0   207   0   210
0   131   0   149   0   0   0
0   0   205   212   208   0   206
0   0   208   199   0   0   0
0   0   221   208   0   210   201
0   0   159   0   0   0   150
0   0   0   145   0   0   158
0   259   0   0   259   0   262
0   0   178   0   0   0   0
197   205   200   209   0   203   205
0   0   0   196   0   0   204
0   206   0   0   0   214   0
0   0   0   0   147   0   0
0   0   143   160   153   150   165
0   129   131   0   0   125   0
155   0   148   0   0   0   160
160   0   0   155   0   0   0
0   0   204   0   0   0   0
0   203   0   0   0   0   0
144   136   0   133   0   0   153
205   212   201   204   0   0   0
0   0   202   212   0   210   204
0   218   0   205   0   199   0
0   0   198   0   210   209   211
214   196   0   0   0   205   0
221   0   203   193   0   209   202
208   202   204   0   0   0   0
116   123   117   132   132   0   0
0   277   0   0   255   253   243
0   0   189   185   191   171   0
0   0   0   147   145   0   147
0   0   0   0   0   204   0
128   0   148   132   0   0   0
0   0   132   0   137   134   135
0   0   215   0   206   197   0
0   0   0   272   271   255   0
153   162   161   0   142   147   0
0   0   119   0   131   119   0
194   0   0   0   218   0   0
0   215   0   0   0   0   209
0   0   0   134   128   0   131
0   0   215   201   206   0   0
146   0   0   0   129   0   0
198   0   0   203   216   206   213
0   201   216   0   0   0   196
0   206   219   0   0   217   0
144   163   155   0   152   147   0
0   0   215   206   0   0   0
201   218   216   194   205   0   221
0   0   0   199   213   0   219
0   0   204   202   217   0   215
0   0   199   202   0   0   0
259   269   268   0   272   0   0
224   0   0   0   196   0   0
172   0   184   0   176   168   0
0   0   211   0   210   209   207
156   0   156   156   0   0   161
0   0   0   151   0   0   0
0   0   0   0   185   174   196
160   0   0   0   155   163   160
0   205   0   0   0   210   212
215   0   215   0   0   0   212
123   0   133   135   0   137   0
145   154   160   147   152   150   151
220   0   0   211   196   206   206
0   223   0   219   212   0   202
217   0   0   206   0   0   223
173   0   0   171   0   184   0
0   215   207   0   204   210   198
267   260   0   0   261   268   268
217   0   0   0   210   0   196
216   205   0   216   197   201   216
261   276   260   271   0   272   0
0   205   0   204   213   216   202
219   0   0   213   0   206   203
0   0   268   0   0   279   263
219   0   0   0   212   0   211
0   0   108   108   0   0   0
0   185   168   0   171   0   0
203   0   211   0   0   220   207
118   0   0   124   0   137   0
0   0   207   0   0   0   199
206   0   205   0   0   0   201
0   147   0   150   144   148   144
196   0   0   0   217   214   200
0   205   0   0   0   204   0
0   0   0   211   199   0   197
0   199   212   0   207   0   217
0   159   0   166   0   151   0
0   141   152   0   0   148   151
0   0   0   190   188   184   188
0   139   137   0   144   132   0
0   0   177   0   182   0   187
124   123   0   0   118   137   0
131   0   0   0   0   135   145
116   0   122   116   0   117   130
202   215   204   198   0   192   0
0   0   0   0   195   0   0
0   0   0   0   260   256   0
201   0   0   193   0   0   0
202   206   0   210   0   0   212
123   128   0   122   119   0   132
205   0   211   0   212   0   207
0   166   157   0   159   157   0
0   207   197   199   207   0   198
134   0   119   119   121   0   119
119   0   124   131   0   119   134
212   0   0   0   0   0   0
272   0   0   0   0   262   0
197   201   0   0   0   203   208
0   161   161   0   156   150   0
0   153   145   145   0   0   149
0   0   211   222   0   0   215
210   0   205   205   0   0   0
0   0   0   193   0   196   211
135   121   120   0   125   0   134
0   0   143   0   138   0   139
204   0   0   207   0   209   220
148   0   0   0   0   0   142
0   133   119   130   137   0   0
0   205   209   211   0   0   207
0   0   0   0   132   116   122
159   0   0   0   147   0   153
0   144   137   0   0   0   0
144   0   151   0   0   0   0
0   132   149   0   0   134   0
198   0   205   0   194   216   207
0   218   0   0   0   0   0
0   196   212   206   206   202   211
132   0   0   118   124   0   130
0   211   0   0   0   219   223
222   0   215   200   0   0   219
0   0   0   162   0   157   0
0   0   180   0   193   0   0
158   145   155   145   0   0   0
0   211   0   213   221   0   0
0   217   0   215   212   0   216
137   139   0   141   0   133   142
201   0   206   0   217   200   213
141   136   135   135   145   0   0
167   0   0   184   0   184   0
0   0   137   0   129   120   137
0   136   0   0   147   0   146
0   0   205   0   195   0   214
221   202   208   0   211   217   217
0   0   0   149   139   0   0
0   127   135   0   138   0   119
176   186   0   0   176   0   0
203   0   0   213   193   204   0
145   166   0   151   0   0   160
147   147   145   0   149   153   0
0   206   0   0   203   218   214
205   209   211   0   0   217   0
218   0   0   206   0   202   0
161   0   145   0   161   0   0
203   208   0   210   213   0   195
0   0   214   219   211   0   0
0   0   177   0   0   0   167
268   0   0   0   266   250   266
133   132   123   125   122   0   121
213   210   211   0   0   210   0
0   0   0   247   0   0   0
213   0   0   0   216   0   198
204   220   196   205   211   218   0
0   211   204   0   0   203   212
0   0   0   224   0   213   0
0   118   0   0   0   0   120
0   252   0   0   256   263   250
151   0   142   0   161   0   0
0   223   219   0   211   216   220
221   0   209   210   0   0   210
0   265   274   254   0   0   0
132   125   120   0   132   0   0
0   199   216   201   0   0   0
146   0   146   0   162   158   0
209   0   0   0   0   0   0
0   148   0   0   0   0   145
0   0   0   206   199   0   199
0   267   0   0   262   264   260
215   210   197   0   0   202   0
218   207   215   201   0   0   217
0   147   137   0   0   0   0
0   214   0   0   0   0   0
0   0   207   203   0   0   0
0   0   0   0   0   175   168
0   0   149   157   157   156   149
0   0   173   0   0   188   185
0   158   0   160   147   0   157
188   170   175   0   0   0   180
130   141   0   0   142   0   0
0   0   0   145   138   0   0
216   214   192   0   221   208   0
0   137   0   151   145   0   135
160   147   163   155   159   0   0
0   0   0   0   0   0   148
0   0   0   0   258   0   0
0   204   203   0   204   0   0
0   0   0   0   209   0   0
0   199   203   206   0   213   218
0   161   0   0   157   0   149
0   0   200   213   211   209   223
0   118   122   136   0   0   0
0   200   0   224   203   0   206
0   0   0   215   0   209   202
0   182   185   0   167   0   183
0   205   210   200   194   0   0
205   209   213   220   0   0   0
0   144   140   151   0   0   0
262   0   0   253   269   262   252
214   203   196   202   0   0   0
137   133   143   0   152   0   144
0   205   0   208   200   0   0
0   0   0   151   0   0   146
0   122   0   126   125   0   121
133   146   146   144   0   0   138
0   0   0   0   215   0   0
186   177   176   179   0   0   183
215   0   219   0   0   206   203
120   0   132   0   127   120   0
0   0   168   0   0   187   0
187   174   176   0   0   180   0
0   0   129   0   0   129   125
0   0   212   0   0   0   205
0   0   208   0   0   0   0
0   212   0   207   0   0   205
0   142   0   0   0   0   0
0   0   0   133   0   143   147
0   196   194   204   200   204   0
210   0   0   202   0   0   205
0   215   205   0   211   215   195
0   159   0   0   159   167   0
130   127   134   124   0   0   137
0   0   201   0   0   224   198
266   0   0   256   262   0   0
152   0   158   151   159   152   0
181   183   191   190   184   184   0
0   0   145   0   0   134   129
259   0   255   248   0   0   0
135   137   0   0   0   127   119
0   121   121   0   127   130   136
0   0   155   145   0   0   0
211   215   0   197   0   213   211
135   0   126   0   134   0   0
0   132   0   133   0   147   0
157   156   0   0   161   149   0
0   0   0   210   194   207   0
