2   1   4
4   1   10
5   1   2
8   1   8
10   1   10
12   1   2
14   1   2
18   1   2
20   1   2
22   1   6
23   1   2
24   1   10
25   1   2
26   1   2
28   1   10
29   1   10
30   1   8
35   1   2
36   1   6
41   1   4
42   1   8
43   1   4
44   1   6
45   1   6
49   1   2
51   1   10
52   1   6
53   1   2
55   1   6
58   1   10
61   1   2
62   1   8
65   1   6
68   1   10
71   1   6
72   1   10
76   1   2
78   1   8
5   2   6
9   2   2
11   2   4
12   2   10
15   2   8
19   2   4
20   2   6
21   2   8
23   2   4
24   2   4
25   2   4
26   2   8
28   2   10
29   2   4
32   2   6
33   2   6
35   2   10
37   2   6
38   2   4
41   2   4
43   2   10
45   2   10
46   2   10
47   2   4
48   2   4
50   2   10
51   2   8
55   2   6
58   2   6
59   2   10
60   2   10
61   2   4
62   2   6
68   2   10
70   2   2
71   2   2
72   2   10
74   2   6
75   2   2
78   2   10
2   3   8
5   3   2
6   3   8
7   3   4
8   3   8
9   3   2
10   3   2
15   3   6
17   3   4
19   3   10
20   3   10
22   3   4
24   3   8
27   3   8
31   3   4
32   3   2
33   3   6
36   3   10
37   3   2
42   3   4
44   3   8
49   3   8
51   3   10
52   3   2
54   3   8
55   3   4
56   3   2
57   3   4
59   3   2
61   3   10
63   3   8
66   3   6
70   3   2
73   3   4
74   3   10
76   3   10
78   3   8
79   3   8
80   3   2
1   4   8
4   4   2
5   4   8
6   4   6
10   4   8
11   4   4
12   4   10
13   4   4
17   4   8
18   4   10
22   4   10
23   4   4
26   4   2
27   4   4
28   4   2
29   4   4
31   4   6
32   4   8
34   4   6
35   4   2
38   4   8
43   4   8
44   4   8
45   4   2
46   4   6
51   4   2
53   4   6
57   4   8
59   4   6
60   4   2
61   4   10
62   4   2
63   4   6
66   4   2
68   4   10
69   4   6
70   4   8
72   4   10
75   4   6
76   4   10
77   4   8
78   4   2
1   5   10
4   5   10
8   5   10
9   5   6
10   5   10
16   5   8
17   5   6
18   5   8
23   5   2
24   5   6
25   5   6
29   5   2
31   5   2
40   5   4
41   5   2
42   5   10
43   5   8
47   5   4
49   5   4
52   5   10
53   5   8
55   5   8
56   5   2
57   5   4
60   5   10
64   5   8
66   5   8
68   5   8
69   5   10
70   5   6
72   5   10
73   5   6
76   5   2
77   5   2
78   5   6
79   5   2
80   5   2
2   6   10
3   6   2
4   6   8
9   6   2
15   6   10
16   6   2
26   6   4
28   6   6
29   6   6
30   6   4
33   6   4
34   6   4
40   6   10
42   6   8
43   6   2
45   6   6
46   6   4
47   6   6
48   6   10
54   6   6
57   6   2
58   6   8
60   6   4
62   6   4
65   6   4
69   6   8
72   6   6
73   6   4
75   6   6
77   6   2
79   6   8
80   6   6
3   7   4
4   7   4
9   7   6
11   7   2
12   7   8
13   7   8
16   7   8
18   7   8
21   7   4
22   7   10
28   7   8
32   7   6
34   7   10
35   7   8
39   7   6
41   7   8
43   7   2
45   7   6
50   7   8
51   7   6
52   7   8
54   7   2
55   7   10
56   7   4
58   7   6
63   7   2
69   7   6
70   7   8
72   7   10
73   7   6
75   7   4
76   7   8
77   7   8
79   7   8
2   8   2
4   8   4
5   8   2
10   8   10
11   8   4
14   8   4
16   8   10
18   8   2
20   8   4
25   8   4
30   8   2
32   8   4
33   8   2
35   8   6
39   8   2
40   8   2
41   8   10
45   8   2
53   8   2
60   8   2
61   8   6
66   8   10
67   8   10
68   8   10
69   8   10
70   8   8
73   8   2
74   8   10
77   8   2
78   8   8
79   8   6
80   8   10
