3   1   10
4   1   2
7   1   8
9   1   2
10   1   2
13   1   2
15   1   10
16   1   2
17   1   10
18   1   10
20   1   8
25   1   2
26   1   6
28   1   6
30   1   8
31   1   6
32   1   2
34   1   6
38   1   10
42   1   6
43   1   4
47   1   6
48   1   10
49   1   2
4   2   6
8   2   4
9   2   10
12   2   8
14   2   4
16   2   4
17   2   4
18   2   10
19   2   8
22   2   6
23   2   6
25   2   10
27   2   4
28   2   10
31   2   10
33   2   10
36   2   6
38   2   6
39   2   10
40   2   10
43   2   2
46   2   2
47   2   2
4   3   2
5   3   8
6   3   4
7   3   8
11   3   4
12   3   6
13   3   8
14   3   10
15   3   6
17   3   8
21   3   4
22   3   2
23   3   6
26   3   10
28   3   10
30   3   4
32   3   8
34   3   2
35   3   8
36   3   4
37   3   2
39   3   2
41   3   2
43   3   8
45   3   6
46   3   2
48   3   8
49   3   10
50   3   2
1   4   8
3   4   2
4   4   8
5   4   6
8   4   4
9   4   10
11   4   10
16   4   4
18   4   2
19   4   8
21   4   6
22   4   8
24   4   8
25   4   2
27   4   8
28   4   6
31   4   2
36   4   8
39   4   6
40   4   2
43   4   8
46   4   8
48   4   6
49   4   10
1   5   10
3   5   10
7   5   10
11   5   4
16   5   2
17   5   6
19   5   4
21   5   2
28   5   8
29   5   4
30   5   10
32   5   4
34   5   10
36   5   8
37   5   2
40   5   10
46   5   6
48   5   8
49   5   2
50   5   2
2   6   2
3   6   8
11   6   6
12   6   10
13   6   6
15   6   10
18   6   6
20   6   4
23   6   4
24   6   6
29   6   10
30   6   8
31   6   6
35   6   6
38   6   8
40   6   4
41   6   2
42   6   4
43   6   10
45   6   8
48   6   6
50   6   6
2   7   4
3   7   4
8   7   2
9   7   8
18   7   8
22   7   6
25   7   8
31   7   6
33   7   8
34   7   8
35   7   2
37   7   4
38   7   6
41   7   2
43   7   2
46   7   8
49   7   8
3   8   4
4   8   2
8   8   4
10   8   4
11   8   10
15   8   6
20   8   2
22   8   4
23   8   2
24   8   10
25   8   6
28   8   2
29   8   2
31   8   2
36   8   4
40   8   2
41   8   4
43   8   2
44   8   10
46   8   8
50   8   10
