1   1   4
3   1   4
5   1   10
6   1   2
9   1   8
11   1   10
12   1   2
16   1   2
19   1   2
20   1   2
22   1   4
24   1   6
25   1   2
26   1   2
28   1   10
30   1   10
34   1   2
35   1   10
36   1   6
40   1   6
42   1   8
43   1   4
44   1   6
48   1   2
49   1   10
50   1   6
51   1   2
54   1   6
57   1   10
61   1   2
63   1   6
64   1   4
67   1   10
71   1   6
72   1   10
74   1   10
75   1   4
77   1   2
79   1   8
1   2   10
6   2   6
10   2   2
12   2   10
20   2   6
21   2   4
23   2   8
25   2   4
26   2   8
28   2   10
29   2   8
30   2   4
31   2   6
34   2   10
35   2   10
37   2   6
38   2   4
40   2   10
43   2   10
44   2   10
45   2   10
46   2   4
47   2   4
49   2   8
53   2   6
54   2   6
57   2   6
58   2   10
59   2   10
61   2   4
64   2   2
67   2   10
70   2   2
71   2   2
72   2   10
75   2   4
76   2   6
79   2   10
1   3   8
3   3   8
6   3   2
7   3   8
8   3   4
9   3   8
10   3   2
11   3   2
14   3   2
15   3   4
16   3   8
18   3   4
20   3   10
21   3   4
22   3   8
24   3   4
27   3   8
31   3   2
35   3   4
36   3   10
37   3   2
40   3   10
42   3   4
48   3   8
49   3   10
50   3   2
52   3   8
53   3   4
54   3   4
55   3   2
56   3   4
58   3   2
60   3   2
61   3   10
64   3   8
65   3   6
68   3   6
70   3   2
73   3   4
74   3   8
76   3   10
77   3   10
79   3   8
80   3   8
2   4   8
5   4   2
6   4   8
7   4   6
11   4   8
12   4   10
13   4   4
15   4   10
18   4   8
19   4   10
21   4   8
24   4   10
26   4   2
27   4   4
28   4   2
29   4   8
30   4   4
31   4   8
32   4   6
33   4   8
34   4   2
35   4   6
38   4   8
40   4   6
43   4   8
44   4   2
45   4   6
49   4   2
51   4   6
53   4   8
56   4   8
58   4   6
59   4   2
61   4   10
64   4   8
65   4   2
67   4   10
69   4   6
70   4   8
72   4   10
74   4   6
75   4   2
77   4   10
78   4   8
79   4   2
1   5   10
2   5   10
5   5   10
9   5   10
10   5   6
11   5   10
14   5   8
15   5   4
17   5   8
18   5   6
19   5   8
21   5   4
22   5   2
25   5   6
29   5   4
30   5   2
40   5   8
41   5   4
42   5   10
43   5   8
46   5   4
48   5   4
50   5   10
51   5   8
53   5   8
54   5   8
55   5   2
56   5   4
59   5   10
62   5   8
65   5   8
67   5   8
69   5   10
70   5   6
72   5   10
73   5   6
74   5   8
75   5   4
77   5   2
78   5   2
79   5   6
80   5   2
3   6   10
4   6   2
5   6   8
10   6   2
14   6   10
15   6   6
16   6   6
17   6   2
21   6   6
22   6   10
26   6   4
28   6   6
30   6   6
32   6   4
33   6   6
35   6   4
41   6   10
42   6   8
43   6   2
44   6   6
45   6   4
46   6   6
47   6   10
52   6   6
56   6   2
57   6   8
59   6   4
60   6   2
63   6   4
64   6   10
68   6   8
69   6   8
72   6   6
73   6   4
74   6   6
75   6   2
78   6   2
80   6   8
4   7   4
5   7   4
10   7   6
12   7   8
13   7   8
17   7   8
19   7   8
21   7   6
22   7   4
23   7   4
24   7   10
28   7   8
31   7   6
32   7   10
34   7   8
35   7   8
39   7   6
43   7   2
44   7   6
49   7   6
50   7   8
52   7   2
54   7   10
55   7   4
57   7   6
60   7   2
64   7   2
69   7   6
70   7   8
72   7   10
73   7   6
77   7   8
78   7   8
80   7   8
3   8   2
5   8   4
6   8   2
11   8   10
15   8   10
17   8   10
19   8   2
20   8   4
22   8   8
25   8   4
31   8   4
33   8   10
34   8   6
39   8   2
40   8   2
41   8   2
44   8   2
51   8   2
53   8   4
59   8   2
60   8   4
61   8   6
64   8   2
65   8   10
66   8   10
67   8   10
69   8   10
70   8   8
73   8   2
76   8   10
78   8   2
79   8   8
80   8   6
