168   176   172   180   0   0   0
0   0   268   0   265   254   270
0   0   0   196   0   212   0
136   0   126   122   133   0   0
0   136   0   120   128   158   0
0   0   0   0   212   192   220
195   0   201   204   0   0   0
266   248   0   0   245   272   0
201   0   0   0   0   0   188
0   125   0   0   0   0   122
155   0   0   0   0   127   0
204   219   0   0   0   216   217
0   0   0   155   0   0   0
0   0   206   0   199   0   192
0   141   0   133   172   0   0
138   159   0   0   0   169   163
258   0   276   244   0   244   0
216   0   0   0   219   0   0
0   0   0   221   0   0   190
191   0   230   0   0   0   0
0   0   168   0   0   198   161
0   0   0   120   0   133   0
0   175   167   164   0   186   197
0   0   124   0   0   0   0
144   0   0   0   132   146   148
0   244   255   254   279   0   270
0   233   0   0   226   207   0
138   158   139   155   144   0   0
222   0   218   0   201   198   0
143   0   0   0   125   0   0
147   134   0   0   126   129   116
0   241   0   0   234   284   262
0   134   126   0   106   0   0
0   0   0   0   0   170   0
208   0   206   184   0   232   192
0   0   0   0   0   0   206
192   0   0   0   219   0   212
0   159   145   124   0   154   0
0   0   199   0   0   188   211
124   148   130   141   157   0   0
0   221   0   0   205   212   195
192   0   0   0   0   184   195
194   0   0   0   221   0   218
0   224   0   0   219   221   211
0   0   0   225   195   0   192
215   225   0   0   211   0   207
265   270   0   0   276   267   0
134   167   159   150   0   0   135
220   0   215   207   0   208   212
160   157   151   135   174   152   177
0   0   0   0   190   0   0
0   0   0   168   185   175   0
0   182   170   179   191   196   187
0   163   165   164   0   146   0
0   137   140   0   0   0   0
218   195   0   198   0   0   223
0   139   0   0   0   0   175
0   0   0   0   0   0   143
226   214   0   0   0   0   223
131   0   0   0   0   109   127
0   0   0   0   0   134   121
0   0   205   204   0   195   192
199   193   213   224   191   230   0
156   138   0   0   163   137   131
0   0   0   0   141   0   0
207   232   0   226   217   0   194
0   185   186   189   0   211   0
0   217   0   0   0   197   217
0   0   229   224   226   0   213
0   0   0   0   154   121   0
197   0   0   0   0   186   0
227   219   190   221   198   0   0
0   208   0   0   0   198   206
195   203   212   0   195   216   0
0   0   0   165   139   141   138
0   0   0   145   0   0   0
218   0   218   0   199   0   207
0   0   0   0   197   199   0
132   124   144   124   0   153   137
0   118   0   0   0   128   0
199   197   215   191   0   0   0
0   0   216   0   198   0   0
0   153   0   0   163   166   0
153   0   0   127   0   138   127
0   267   0   0   272   0   0
0   0   133   0   121   0   133
0   0   128   0   0   137   132
0   0   228   194   0   0   200
199   0   0   203   217   233   0
199   0   0   0   0   194   222
0   186   177   0   200   165   196
0   0   0   217   196   0   0
191   0   0   0   0   0   184
197   0   0   0   0   0   218
0   208   0   190   218   189   184
0   190   224   203   0   211   0
0   165   0   182   0   0   0
186   210   211   226   0   0   196
155   0   0   0   0   174   158
0   164   195   0   0   0   0
0   217   208   204   182   208   221
234   0   257   247   264   268   248
0   0   0   247   0   0   0
0   203   192   0   0   0   0
198   211   0   0   207   209   0
214   0   0   190   0   0   186
109   118   129   0   0   124   0
0   202   229   203   194   189   192
0   0   116   124   0   116   133
120   0   110   0   0   0   0
0   0   159   0   143   141   129
212   221   0   193   0   0   0
0   0   0   203   0   204   232
196   0   231   215   190   0   212
193   0   0   171   0   162   0
171   161   168   0   159   0   166
0   0   188   203   216   212   0
0   274   268   0   260   282   0
143   158   146   0   152   0   0
0   186   172   0   164   0   182
201   0   184   0   0   0   195
0   199   0   0   0   167   0
0   0   159   0   0   159   0
199   197   197   0   206   0   0
0   134   0   142   125   0   128
264   264   287   0   253   262   262
0   219   216   223   226   210   0
136   130   123   0   0   142   158
0   185   226   0   221   0   0
0   143   0   0   146   152   0
212   225   0   199   0   0   0
0   171   0   0   0   0   197
0   126   0   0   154   0   149
0   189   195   0   0   0   224
0   0   0   189   0   0   0
160   167   0   152   0   0   166
208   0   231   0   186   0   0
203   220   0   221   200   198   207
222   227   215   0   0   205   239
0   0   0   0   0   0   154
168   175   0   148   155   0   160
0   0   0   0   0   131   148
0   214   198   212   219   197   229
0   202   0   0   0   0   0
0   0   0   0   244   262   270
0   122   110   0   129   117   122
0   0   0   0   160   142   0
130   146   0   135   0   0   130
0   226   202   228   0   193   219
226   197   0   0   0   0   0
0   194   0   0   224   215   0
270   259   254   0   258   248   254
0   136   111   146   0   118   0
270   268   0   0   0   0   257
0   0   177   166   0   0   171
0   157   0   160   0   140   131
0   232   0   198   0   0   0
139   112   127   0   115   107   105
0   0   0   0   0   161   0
150   0   122   149   0   136   0
0   0   214   0   0   0   0
149   0   149   0   169   158   0
0   155   152   0   137   0   134
131   0   0   140   158   0   0
0   141   0   0   142   171   0
0   0   0   170   0   181   0
0   0   128   141   134   127   156
127   0   0   111   0   0   0
0   155   122   0   129   152   0
144   0   0   137   135   137   0
0   0   0   202   227   221   0
0   0   257   277   257   263   249
154   0   136   129   0   0   0
0   157   0   167   0   138   154
0   220   224   0   198   218   0
196   0   195   0   222   201   182
225   190   0   206   216   210   0
190   0   0   0   0   0   0
0   202   0   0   191   0   224
0   199   233   201   186   0   222
0   0   215   188   207   208   212
167   0   188   174   0   183   0
121   0   0   143   0   157   0
248   264   0   268   265   0   270
147   0   151   139   0   0   137
0   158   175   0   134   0   0
0   0   0   0   0   0   165
187   208   0   0   184   185   210
196   189   221   230   187   198   0
214   221   0   221   0   0   0
0   0   0   134   0   151   0
0   0   133   0   0   0   0
0   0   196   224   0   0   0
0   0   0   222   191   0   193
156   161   0   0   164   0   152
205   0   208   219   0   209   225
0   212   205   0   197   194   203
0   225   209   0   0   217   0
0   160   0   143   150   0   0
225   0   215   197   224   218   189
0   217   0   206   186   217   188
0   191   0   0   0   0   196
0   172   0   0   165   166   0
0   0   0   155   167   0   0
203   0   220   0   231   0   0
213   223   0   0   186   226   194
0   128   135   0   0   144   145
125   127   0   0   0   123   111
0   101   0   134   0   0   0
152   146   156   122   0   151   157
0   0   218   222   189   0   212
232   220   0   0   223   198   0
199   0   0   203   231   191   0
0   160   0   143   147   0   168
0   223   225   0   209   218   207
142   0   0   0   0   174   0
0   159   0   0   0   163   0
0   0   192   194   0   221   0
0   213   0   211   0   212   208
0   182   181   0   178   0   164
0   227   0   0   0   228   210
207   215   217   218   199   222   0
0   194   0   195   0   0   0
113   113   107   0   110   0   108
127   0   0   124   0   128   0
0   125   0   135   0   0   124
169   155   0   0   146   138   157
0   179   183   0   181   0   0
0   203   207   0   0   0   227
0   202   0   0   0   203   0
0   146   0   122   142   0   0
0   115   112   0   0   132   141
0   0   0   175   0   161   154
195   206   196   0   201   0   0
0   265   0   0   273   0   249
217   0   0   198   232   0   0
210   204   228   221   0   0   0
0   124   143   136   146   133   133
226   0   229   221   218   0   0
153   159   0   0   121   0   0
199   200   195   0   205   0   212
187   204   0   0   216   223   197
0   226   200   191   0   186   207
225   214   200   219   207   199   198
204   0   0   0   0   193   213
149   156   0   174   146   0   173
203   203   0   212   199   224   0
208   0   204   199   211   219   222
168   0   154   0   0   0   0
133   159   144   140   0   132   151
0   0   182   0   0   0   0
276   265   0   0   0   0   0
0   142   0   166   152   0   139
146   149   160   152   0   0   0
0   0   0   0   155   126   0
206   226   0   200   227   188   226
192   212   223   224   208   0   0
200   0   0   0   199   0   192
232   0   0   0   224   0   188
0   246   0   0   266   0   0
193   215   207   196   223   0   209
256   0   0   261   266   0   0
173   186   173   0   171   0   164
0   144   167   149   169   171   0
110   149   135   132   116   140   0
190   0   0   0   223   0   0
0   0   0   214   0   0   0
0   0   0   0   0   143   0
180   0   0   0   169   170   0
0   0   0   197   191   0   218
258   277   0   0   0   0   0
0   192   201   202   207   0   219
0   0   0   137   0   0   158
0   0   0   193   222   205   0
0   128   0   0   111   118   0
206   0   221   212   0   210   193
0   0   169   0   0   0   188
112   136   115   0   138   0   0
0   0   0   217   0   221   200
119   112   0   135   0   137   0
198   208   205   205   201   0   0
218   190   219   217   221   201   215
126   0   140   0   157   0   0
0   0   133   141   0   124   0
0   0   229   0   188   218   208
159   127   0   0   145   162   129
213   233   0   217   0   0   0
219   0   0   0   0   0   0
0   0   174   174   162   0   0
0   146   0   0   0   152   137
146   141   0   121   148   142   134
143   123   0   149   139   159   121
0   179   190   161   172   176   0
0   0   142   159   0   0   0
0   123   137   0   125   0   145
192   0   183   0   0   214   0
0   0   0   143   0   0   0
183   171   0   164   168   0   0
0   0   185   0   0   202   190
126   0   0   0   143   0   0
179   0   162   0   0   0   157
0   148   0   123   149   0   0
0   0   0   0   0   197   0
222   0   229   0   201   0   0
214   0   222   231   0   195   0
176   0   196   179   164   172   202
0   0   0   0   0   148   174
0   0   0   194   0   192   203
225   0   199   213   203   211   226
0   169   157   0   143   0   158
208   0   0   0   0   197   211
198   0   0   0   226   0   213
194   221   0   200   199   0   0
254   0   0   0   260   261   271
0   267   265   265   268   267   0
0   0   131   0   0   0   0
0   251   0   237   245   0   0
0   216   0   0   0   183   223
204   0   233   0   0   189   218
0   219   211   198   190   209   0
222   226   213   220   190   226   209
129   115   127   0   130   0   121
0   0   0   0   246   0   253
149   0   0   0   0   0   0
0   0   146   0   0   0   0
0   224   0   202   0   0   0
144   133   0   144   0   117   0
0   244   0   249   245   263   0
206   0   202   210   0   0   213
0   0   130   0   0   126   0
147   0   123   0   0   146   149
0   0   218   0   203   0   201
214   223   0   214   0   222   0
150   128   0   145   137   147   127
0   0   199   0   0   197   0
193   201   0   228   220   198   225
144   175   0   177   0   0   151
204   0   203   226   223   204   201
0   0   0   136   137   0   127
0   0   243   274   0   242   0
157   0   145   160   0   135   0
167   0   0   0   0   192   0
188   0   0   0   221   212   202
116   128   110   0   0   132   111
0   200   184   0   175   161   175
196   197   222   0   0   0   0
0   214   196   0   0   0   0
0   0   0   0   205   0   0
0   198   0   0   0   184   0
0   0   155   150   129   155   0
228   0   222   0   198   0   0
0   206   212   194   0   202   197
0   0   0   0   0   0   211
210   0   210   0   209   194   218
0   214   0   0   0   0   0
0   0   0   147   0   0   0
150   0   127   0   150   156   146
0   0   0   224   191   0   213
0   0   146   0   0   0   136
226   215   183   193   0   224   0
0   0   253   0   0   0   0
0   225   0   199   0   0   206
209   208   192   0   0   0   0
0   0   173   0   170   0   0
116   114   125   0   0   0   0
232   0   190   213   199   0   201
0   0   0   0   202   215   0
0   0   275   0   0   0   0
220   0   0   0   0   0   201
131   125   106   107   0   123   0
135   155   0   0   0   142   0
147   148   138   0   0   0   140
213   0   208   0   213   210   0
0   0   232   0   221   181   216
155   0   153   137   163   0   153
143   0   149   136   0   0   138
0   0   0   0   161   0   169
0   191   0   0   220   219   204
0   0   155   0   154   0   0
158   171   0   170   140   150   0
0   0   0   0   132   136   0
0   155   0   124   0   0   0
207   0   193   206   214   220   196
0   202   200   193   0   194   184
200   0   0   205   215   0   0
0   219   190   222   210   0   215
211   0   0   222   0   0   0
0   205   196   0   0   0   0
200   228   220   213   0   0   0
176   201   170   0   196   0   0
0   0   212   201   219   211   228
171   0   137   0   0   0   153
0   0   141   162   137   0   156
0   201   0   191   0   181   233
212   219   202   0   220   190   214
220   186   0   213   0   0   0
0   0   210   196   188   186   0
182   0   0   167   182   0   175
0   0   186   0   0   224   0
0   194   0   204   0   0   205
200   195   0   192   0   213   191
0   0   167   172   184   0   197
193   188   201   0   0   0   0
141   0   0   0   0   118   0
166   156   0   0   158   158   0
0   0   267   0   0   284   0
0   0   139   148   160   128   127
160   0   0   0   0   0   0
0   0   194   220   0   196   0
0   0   159   142   0   162   135
0   0   0   0   0   0   224
198   0   0   224   0   208   0
0   139   122   0   143   0   119
199   0   0   0   167   0   171
0   217   0   0   0   194   0
0   172   138   152   159   151   150
125   0   158   153   153   0   0
0   0   147   155   149   150   0
0   0   242   264   268   0   257
152   142   0   0   162   141   131
0   194   0   223   230   0   0
166   164   200   177   185   0   175
215   0   201   0   0   0   0
0   195   0   0   0   0   0
198   234   214   221   206   222   210
0   0   135   0   0   0   150
0   0   162   165   175   168   0
216   193   194   0   0   0   0
157   0   159   0   148   0   0
141   0   160   155   0   0   167
0   0   167   0   151   135   0
0   0   0   0   0   199   0
210   0   220   219   213   0   0
0   174   161   0   142   137   150
0   0   165   0   167   158   167
0   258   272   0   0   0   0
114   0   129   0   124   0   118
211   193   212   0   0   0   0
0   219   0   0   0   202   222
220   191   225   0   200   0   200
0   201   173   0   0   170   191
116   0   145   117   115   118   0
0   208   196   0   196   210   0
0   0   0   0   0   0   109
134   0   0   0   138   138   0
0   0   199   0   230   223   0
276   267   0   262   274   272   0
185   0   197   205   201   0   195
202   229   0   0   224   0   0
193   0   0   0   0   0   196
0   274   278   272   0   0   254
0   0   215   0   0   0   0
207   0   0   0   191   0   198
0   0   167   0   0   0   135
0   0   178   0   0   0   0
192   192   188   190   0   215   198
0   0   0   189   0   0   220
0   212   0   0   0   205   0
0   0   144   145   163   167   142
166   0   147   0   0   0   149
0   0   206   0   0   0   0
134   155   0   126   0   0   150
0   0   220   215   0   195   206
0   0   216   0   208   220   221
213   211   0   0   0   206   0
116   136   125   112   113   0   0
0   0   193   183   191   160   0
0   0   0   171   149   0   142
0   0   0   0   0   227   0
142   0   141   156   0   0   0
0   0   150   0   121   129   148
0   0   0   288   274   280   0
0   0   113   0   144   139   0
0   0   0   113   145   0   119
0   0   203   225   218   0   0
212   0   0   199   225   208   219
0   196   205   0   0   0   215
0   0   0   207   224   0   208
0   0   227   221   234   0   225
240   271   273   0   264   0   0
205   0   0   0   211   0   0
0   224   0   0   0   185   203
206   0   214   0   0   0   193
144   0   147   143   0   131   0
221   0   0   199   0   0   210
198   0   0   169   0   195   0
0   211   229   0   204   230   194
244   284   0   0   263   275   275
223   0   0   0   198   0   222
226   228   0   202   193   224   229
269   290   275   277   0   272   0
209   0   0   202   0   206   214
220   0   0   0   211   0   189
0   0   131   128   0   0   0
0   171   172   0   182   0   0
198   0   203   0   0   220   195
119   0   0   130   0   122   0
220   0   193   0   0   0   196
0   151   0   126   140   137   156
0   0   0   201   202   0   225
0   146   0   137   0   155   0
0   148   150   0   0   166   173
0   0   0   175   194   188   190
115   122   0   0   121   126   0
130   0   131   131   0   121   117
194   211   206   219   0   192   0
0   0   0   0   281   235   0
119   141   0   132   107   0   137
0   175   156   0   167   162   0
0   229   194   207   219   0   192
122   0   119   121   0   135   118
230   0   0   0   0   0   0
275   0   0   0   0   271   0
191   221   0   0   0   217   228
0   156   137   133   0   0   137
0   0   190   222   0   0   197
0   0   0   193   0   212   217
113   117   114   0   135   0   126
0   0   123   0   143   0   151
121   0   0   0   0   0   150
0   211   217   197   0   0   200
0   0   0   0   131   136   126
0   139   146   0   0   0   0
0   199   0   0   0   0   0
232   0   207   204   0   0   219
0   0   0   156   0   142   0
0   0   185   0   174   0   0
171   172   152   138   0   0   0
0   203   0   193   206   0   0
0   218   0   212   223   0   218
126   157   140   156   159   0   0
172   0   0   186   0   191   0
0   0   233   0   207   0   193
191   227   225   0   184   206   199
0   112   107   0   129   0   137
193   173   0   0   192   0   0
197   0   0   195   205   190   0
146   170   156   0   153   139   0
209   200   195   0   0   205   0
229   0   0   198   0   208   0
155   0   145   0   149   0   0
202   203   0   197   199   0   218
0   0   190   0   0   0   173
248   0   0   0   259   270   270
107   116   128   109   117   0   136
206   199   212   0   0   210   0
199   0   0   0   195   0   206
187   216   192   224   199   229   0
0   128   0   0   0   0   133
147   0   142   0   146   0   0
228   0   230   192   0   0   183
134   0   164   0   139   159   0
223   0   0   0   0   0   0
0   155   0   0   0   0   138
0   251   0   0   267   246   258
207   212   193   0   0   199   0
222   200   220   212   0   0   225
0   219   0   0   0   0   0
0   0   223   218   0   0   0
0   0   150   170   164   141   165
0   0   183   0   0   172   177
0   150   0   136   158   0   149
0   0   0   126   143   0   0
226   205   211   0   196   201   0
0   159   0   129   152   0   124
139   168   151   140   135   0   0
0   0   0   0   0   0   171
0   0   218   213   218   221   222
0   139   133   108   0   0   0
0   225   0   226   191   0   200
0   0   0   228   0   220   192
0   172   200   0   161   0   171
0   224   213   219   210   0   0
224   220   220   217   0   0   0
0   156   122   127   0   0   0
265   0   0   270   276   247   241
208   229   194   191   0   0   0
128   136   129   0   141   0   128
0   205   0   212   188   0   0
0   0   0   156   0   0   123
0   131   0   115   126   0   135
150   139   155   141   0   0   157
0   0   0   0   220   0   0
187   194   193   161   0   0   190
226   0   216   0   0   227   208
0   0   192   0   0   191   0
179   187   173   0   0   185   0
0   0   109   0   0   114   108
0   0   209   0   0   0   0
0   120   0   0   0   0   0
0   0   0   151   0   142   145
192   0   0   204   0   0   215
0   154   0   0   143   149   0
281   0   0   245   271   0   0
171   171   173   167   184   162   0
0   0   153   159   0   0   0
119   0   130   0   134   0   0
0   152   0   128   0   131   0
143   161   0   0   146   153   0
0   0   0   185   199   198   0
