1   1   6
2   1   10
3   1   10
11   1   6
16   1   8
17   1   6
19   1   6
20   1   6
1   2   4
2   2   6
4   2   4
5   2   4
15   2   2
17   2   10
19   2   4
1   3   10
3   3   6
4   3   10
8   3   10
9   3   10
10   3   2
11   3   4
12   3   4
15   3   8
17   3   8
19   3   6
20   3   4
1   4   4
2   4   2
5   4   8
9   4   8
11   4   2
12   4   4
13   4   8
14   4   10
15   4   10
17   4   2
18   4   8
19   4   2
5   5   2
9   5   2
12   5   8
14   5   6
15   5   4
16   5   6
17   5   4
19   5   10
20   5   4
4   6   6
5   6   2
6   6   4
7   6   8
9   6   4
10   6   4
11   6   2
12   6   4
14   6   8
15   6   10
16   6   4
20   6   4
2   7   4
3   7   8
4   7   4
8   7   8
10   7   10
14   7   2
15   7   6
17   7   10
18   7   6
20   7   4
3   8   2
4   8   10
5   8   2
6   8   8
7   8   2
10   8   2
11   8   4
14   8   4
16   8   4
18   8   4
19   8   2
