0   0   148   148   148   0   0
0   0   193   0   0   0   0
147   0   0   0   0   0   147
0   193   193   0   194   197   193
147   148   0   0   0   148   147
173   0   172   0   0   0   0
197   0   0   0   196   0   193
148   0   0   147   146   148   147
196   195   0   0   196   0   197
0   170   0   173   0   0   0
0   0   147   0   148   0   0
0   195   195   0   193   0   0
0   0   192   197   196   196   194
193   0   195   196   195   192   196
0   0   0   193   0   196   0
0   196   192   193   0   0   196
196   195   0   195   197   0   0
193   0   192   195   0   0   0
192   192   192   0   0   195   192
0   124   0   124   123   0   124
0   0   0   196   0   0   192
0   0   197   197   194   0   192
172   171   173   0   170   0   0
194   195   0   0   0   196   0
0   123   0   0   124   123   123
0   0   147   148   147   148   146
136   0   0   135   0   136   136
0   147   0   147   148   148   147
135   0   135   135   0   136   135
0   0   148   0   148   0   0
194   0   193   0   0   195   0
146   0   0   148   0   147   0
135   0   136   0   0   135   0
194   0   194   192   196   0   0
194   0   197   0   0   195   194
0   0   195   196   0   194   0
0   244   0   0   241   241   0
0   0   0   0   0   136   135
0   192   192   194   0   0   195
196   192   197   0   192   0   0
123   123   0   0   123   124   124
0   0   0   0   0   0   112
135   135   135   0   0   136   0
0   170   0   173   0   0   173
0   136   136   135   135   136   0
0   0   146   0   0   148   147
0   0   193   192   0   197   197
192   0   194   0   0   0   197
0   147   0   0   0   0   0
0   148   0   0   0   147   0
0   241   241   244   241   244   245
0   196   0   0   193   192   192
0   0   192   0   0   196   0
245   243   0   0   0   243   0
0   0   0   172   0   169   173
196   195   194   196   194   195   197
136   0   0   0   0   135   135
0   0   0   0   170   172   0
0   0   123   0   123   0   0
0   136   136   136   0   0   135
0   0   173   172   0   171   0
124   0   124   124   124   123   124
0   0   240   240   243   239   244
196   0   195   195   196   192   195
241   245   0   0   244   241   243
0   0   124   0   124   124   0
0   0   192   193   0   0   193
195   0   0   197   0   0   0
193   0   196   0   194   196   0
0   0   0   0   0   244   0
0   148   148   0   147   148   148
192   0   0   196   197   0   194
0   194   192   194   0   194   0
148   148   146   0   0   148   147
0   146   0   0   148   0   148
0   0   0   0   0   0   193
0   135   0   0   0   135   135
146   0   147   0   0   147   0
193   193   195   0   0   0   193
0   0   0   0   196   0   192
0   124   124   0   124   0   123
0   0   241   239   239   0   0
0   148   146   147   147   0   0
0   194   0   193   0   193   196
112   0   112   112   0   0   112
0   0   197   0   0   0   192
0   0   148   148   0   0   147
135   0   0   135   135   0   0
0   241   240   0   0   0   0
0   171   172   173   169   0   0
0   194   192   192   0   0   193
136   0   135   0   136   0   0
0   0   0   0   0   192   0
0   0   0   0   0   148   148
0   135   0   0   135   135   0
0   196   0   0   194   0   0
0   194   0   0   0   192   195
0   0   0   192   0   0   194
192   0   197   193   0   192   0
0   172   0   172   0   0   0
135   0   0   135   0   136   0
0   192   195   0   0   0   0
0   0   193   0   192   0   193
196   0   0   0   195   193   0
0   0   0   112   0   0   112
192   194   194   195   0   193   0
0   136   0   135   0   136   136
0   0   0   136   135   136   136
0   245   0   0   243   244   0
0   0   124   124   0   0   124
173   0   0   0   169   173   0
0   195   0   194   196   195   195
195   192   0   194   193   0   0
196   193   195   193   0   0   0
0   193   0   0   0   0   0
0   0   0   0   240   239   243
171   170   171   172   0   0   0
197   194   194   0   195   196   194
123   0   0   124   0   124   124
240   0   0   243   244   241   245
0   171   0   170   170   171   0
0   196   193   0   194   0   195
148   148   0   148   0   147   0
0   173   171   0   172   0   0
0   148   146   0   0   147   0
0   239   0   0   0   239   241
124   124   123   0   0   0   0
0   0   0   0   0   197   192
135   0   135   0   135   136   0
196   0   0   194   0   193   0
136   135   136   0   136   0   136
0   196   196   193   0   0   0
194   0   0   0   0   194   0
147   0   0   0   148   148   147
0   0   0   241   0   241   0
195   195   0   0   0   0   0
0   172   0   0   0   0   0
0   135   135   0   136   0   135
197   0   0   0   0   193   0
135   0   136   0   0   135   0
0   136   135   0   135   136   0
0   192   194   192   195   196   193
0   192   0   0   194   0   196
147   0   148   147   147   0   147
146   0   0   146   148   147   147
0   193   0   0   192   0   0
0   197   0   194   0   196   195
0   0   0   192   192   193   0
0   193   0   196   0   192   195
0   0   194   0   0   0   197
0   196   0   193   196   0   192
135   136   0   135   135   135   135
0   147   0   148   148   147   0
147   0   0   0   146   147   148
194   0   0   195   196   196   196
0   197   0   0   0   0   193
197   0   0   0   196   196   0
0   147   0   148   0   0   0
0   0   193   0   193   0   0
171   172   171   171   0   0   0
197   195   0   195   196   192   196
0   244   0   239   0   240   0
192   196   0   0   192   193   194
0   0   0   0   0   197   194
0   0   0   195   0   194   0
193   193   192   0   0   197   194
170   170   172   172   171   170   0
147   148   148   148   0   0   0
0   197   0   0   195   0   0
123   124   123   123   123   124   123
0   245   0   240   0   0   0
0   0   243   0   244   239   240
147   0   0   147   0   0   147
0   148   148   147   0   148   0
239   241   245   0   0   0   245
0   148   148   0   0   147   148
195   195   0   195   0   0   196
172   172   0   0   171   173   171
172   0   171   0   0   0   0
244   0   240   0   240   243   0
197   193   0   0   192   195   193
0   241   239   239   243   0   0
124   124   123   0   124   124   123
192   0   0   0   0   196   0
0   0   197   194   197   194   195
193   0   0   0   193   195   194
192   0   197   0   0   0   196
147   0   147   0   147   0   147
0   0   195   193   195   0   0
0   0   136   0   0   136   136
135   135   0   0   0   0   135
197   0   193   193   196   0   0
0   192   0   0   194   195   0
171   0   0   0   171   0   0
195   195   192   0   0   197   0
148   146   0   0   147   148   0
241   0   0   0   0   240   0
0   0   0   0   195   0   0
0   0   0   0   195   0   192
0   243   243   239   240   239   0
0   123   124   0   0   124   0
112   0   0   112   112   112   112
135   0   135   0   0   0   0
0   0   0   0   0   195   0
0   196   0   0   0   0   0
136   135   0   135   0   0   136
0   193   0   192   0   195   194
0   135   0   0   136   0   136
0   0   0   0   196   0   0
0   0   194   0   0   0   0
147   0   148   146   0   0   0
0   192   0   193   0   197   197
172   171   0   171   171   0   0
0   197   0   196   0   0   0
123   0   124   124   0   124   124
0   196   193   0   196   197   194
193   0   195   0   192   0   197
136   135   135   0   0   136   136
0   135   136   136   0   136   0
195   0   193   196   0   195   192
173   0   0   0   170   169   0
112   112   0   112   0   112   0
196   195   0   0   0   0   0
148   146   0   148   0   147   0
124   0   124   124   123   0   0
0   194   193   197   0   0   195
241   0   243   245   241   0   241
0   172   0   0   170   0   169
0   0   0   146   148   0   0
0   136   0   0   0   0   135
0   192   193   0   196   0   0
124   0   0   124   124   0   0
192   0   0   196   197   0   195
0   169   170   0   0   170   171
146   0   0   0   0   0   148
135   136   0   136   136   0   135
192   0   0   196   0   192   196
193   0   195   192   0   0   197
135   136   0   0   0   135   0
0   135   0   0   136   0   136
0   0   0   0   195   193   0
148   148   0   0   148   0   0
0   193   0   0   194   0   0
136   0   0   0   0   136   135
194   196   0   0   0   0   197
148   0   147   148   148   147   0
0   0   195   197   0   0   0
0   0   0   136   135   136   0
146   148   0   148   0   147   0
0   0   0   0   171   173   169
0   194   195   0   0   0   0
0   0   193   192   194   194   0
148   0   0   148   0   146   148
0   195   0   195   192   0   193
123   124   123   124   124   0   123
0   0   171   0   0   0   169
135   136   135   136   136   135   136
192   0   0   194   0   193   0
136   0   135   135   135   0   0
0   0   0   193   0   0   192
0   0   0   136   0   0   136
0   173   0   0   170   172   172
0   0   135   136   135   0   0
0   0   147   148   148   0   0
0   195   0   0   195   0   0
197   0   0   193   195   0   0
0   124   124   0   0   124   123
0   197   0   193   197   0   197
195   193   194   0   192   0   0
0   195   197   0   0   0   194
240   240   245   0   241   240   239
0   0   197   0   193   196   194
194   192   197   0   0   195   0
195   194   197   196   0   192   0
0   0   0   0   0   194   194
0   0   0   0   0   196   192
0   0   0   0   148   0   0
0   195   197   193   0   192   194
0   147   148   0   0   148   147
194   194   195   194   196   196   0
0   196   0   0   196   197   0
0   0   124   0   0   123   123
123   0   0   124   124   124   0
0   148   148   147   148   148   147
241   0   239   0   0   0   243
148   147   0   148   0   148   148
0   148   148   0   148   0   148
193   195   195   194   194   0   0
192   193   0   192   0   195   193
245   243   243   0   0   0   0
0   147   0   147   0   0   0
136   136   0   135   136   135   135
244   0   0   243   0   243   0
124   0   124   124   124   0   123
197   192   0   197   194   0   193
193   192   197   0   0   194   0
0   0   0   0   124   124   124
148   147   148   146   0   148   0
196   196   197   0   195   194   196
0   136   136   135   0   0   0
0   192   0   194   0   192   196
124   0   0   124   123   0   0
0   0   0   0   194   0   0
135   0   136   135   136   136   0
195   0   0   0   0   192   192
136   0   0   0   0   0   136
195   0   0   192   0   195   0
135   0   0   136   0   136   0
0   196   195   196   0   193   195
0   148   0   0   146   0   0
0   0   196   0   0   0   193
193   0   0   194   192   195   195
148   0   146   0   0   0   146
148   148   148   0   0   148   148
0   124   124   0   0   0   0
0   136   136   0   0   0   0
245   0   239   0   0   0   243
193   193   0   0   0   195   0
136   0   136   0   0   136   0
196   0   196   0   0   0   194
0   197   194   0   194   0   195
197   197   195   0   0   0   196
0   192   0   0   0   195   0
0   0   171   170   173   0   172
0   193   195   193   0   0   192
240   0   0   0   0   0   241
194   0   195   0   0   0   192
146   0   0   0   147   148   148
0   195   193   197   0   192   0
0   197   195   0   0   0   195
0   0   0   197   0   192   0
0   0   196   197   196   0   0
0   136   136   0   135   136   136
239   240   240   0   0   0   241
195   0   192   0   193   194   0
0   0   239   0   0   0   0
170   171   0   173   171   171   0
0   0   0   0   147   146   147
0   0   123   0   0   0   0
0   0   244   239   0   243   239
0   195   0   0   0   192   0
197   0   0   193   193   0   0
0   0   0   0   193   0   193
124   123   0   0   0   0   0
194   196   196   192   196   197   0
0   194   0   193   0   196   195
0   0   0   173   0   173   171
0   0   0   192   0   195   193
196   196   0   0   194   196   0
197   193   197   195   194   192   0
148   0   148   147   0   0   148
0   0   192   0   0   0   0
169   172   0   171   171   0   0
240   239   0   239   0   0   243
0   0   194   194   0   0   0
0   0   240   0   245   241   244
148   148   0   0   148   148   0
170   0   172   0   0   170   171
136   0   135   0   136   0   0
0   0   148   146   0   146   0
0   0   0   0   0   192   197
0   0   197   197   192   0   195
0   0   0   0   0   197   197
0   192   194   0   194   0   196
0   194   195   0   0   196   0
0   0   0   0   146   148   0
0   195   0   0   0   193   196
173   171   170   171   171   173   0
0   123   0   123   0   124   123
193   193   0   194   0   0   197
135   136   136   0   0   136   0
245   240   0   239   0   0   0
245   0   240   0   0   0   0
148   0   147   148   0   0   148
0   171   173   0   0   173   0
136   0   0   0   136   136   0
192   192   194   193   0   192   192
197   193   0   194   192   196   0
0   124   124   124   0   124   124
0   0   0   194   0   194   193
146   0   0   0   0   147   148
243   0   0   0   0   0   0
0   197   194   0   0   0   0
148   0   0   0   0   147   148
197   195   195   0   0   0   0
195   194   197   0   195   0   0
147   148   146   148   0   0   0
123   123   124   0   123   124   124
0   197   196   0   195   192   0
245   0   0   0   239   241   240
195   0   194   197   196   194   0
0   196   194   0   0   193   196
194   0   0   0   0   0   194
0   193   196   197   0   197   193
196   192   196   0   0   0   0
124   0   123   124   0   0   0
0   0   0   0   0   0   146
0   0   0   195   194   0   0
195   192   194   195   195   194   0
0   194   0   0   0   192   0
193   0   197   0   0   196   194
0   0   0   0   0   0   193
0   0   0   148   146   146   0
0   0   147   147   0   0   0
197   196   195   0   0   197   0
147   147   0   0   0   0   148
0   193   193   192   0   0   197
192   192   0   0   0   194   0
0   170   0   0   0   171   171
240   243   0   241   0   0   0
195   0   0   197   0   0   197
147   148   0   147   148   147   147
192   195   197   0   0   196   196
196   193   0   195   0   0   0
135   135   0   136   135   135   0
0   0   0   192   195   197   0
148   147   148   0   0   148   148
194   193   0   197   0   0   0
0   0   0   0   0   0   192
0   194   194   0   194   192   0
192   0   196   195   197   0   0
0   245   240   239   0   243   0
197   196   192   195   196   193   0
0   197   193   193   195   195   194
135   136   0   0   135   0   0
195   0   193   0   193   196   194
0   148   146   148   0   148   0
0   197   0   192   195   193   0
148   146   0   148   0   148   146
136   136   0   136   136   0   136
0   0   148   0   148   147   0
0   197   0   0   0   0   195
0   193   0   0   192   196   197
0   148   0   0   0   0   0
0   0   195   0   0   195   0
0   0   0   0   0   195   196
194   194   0   195   197   195   197
0   0   146   148   0   0   0
194   196   192   193   0   194   192
123   124   0   123   124   0   124
0   0   0   0   0   136   135
0   192   0   195   0   195   0
136   0   0   135   0   0   135
193   195   196   192   0   0   195
0   197   0   197   0   192   0
0   147   148   148   0   148   146
0   0   0   0   194   0   0
195   0   193   0   0   0   196
197   0   196   195   197   193   196
0   0   196   194   192   0   0
0   0   241   0   0   0   241
0   0   0   193   0   0   195
0   0   148   0   0   0   0
0   0   194   196   193   196   194
245   0   244   245   0   240   0
193   0   0   194   196   0   0
196   195   0   0   0   0   0
136   0   136   135   136   136   136
0   0   0   0   0   195   195
0   0   196   193   194   0   0
0   0   0   0   192   194   0
0   147   148   0   0   146   0
173   0   170   0   171   0   172
0   0   193   0   192   193   194
0   0   192   192   194   0   197
136   0   0   136   0   0   135
136   135   0   136   136   0   136
146   148   147   147   148   0   0
0   0   239   239   0   244   0
0   0   196   193   193   0   0
194   0   0   193   192   0   195
0   171   171   0   0   170   0
0   0   0   136   136   135   0
0   192   0   193   0   195   0
0   0   197   194   193   0   0
135   0   0   136   0   135   0
0   197   0   197   0   195   0
0   192   0   197   193   197   0
173   170   169   169   171   173   170
193   0   0   192   196   192   194
0   136   0   136   0   136   0
123   0   0   123   123   124   124
0   0   0   0   135   0   135
0   0   112   0   0   112   0
0   0   197   195   192   197   0
195   195   0   0   0   0   195
197   0   197   192   197   0   194
0   148   0   0   147   0   146
0   0   0   124   124   124   123
194   197   192   0   196   194   195
241   0   0   0   0   240   0
0   197   194   0   0   196   0
0   0   196   0   197   193   0
172   0   0   0   170   0   171
135   0   0   135   0   135   136
136   0   0   0   0   135   136
0   239   0   0   245   245   243
196   194   0   0   196   195   0
240   0   245   0   245   0   241
0   241   240   0   239   245   0
