0   0   268   0   265   254   270
0   0   0   0   114   114   0
0   0   0   196   0   212   0
0   150   161   142   0   162   0
205   215   0   203   212   189   221
0   192   0   188   0   0   167
0   136   0   120   128   158   0
0   0   0   0   212   192   220
201   208   188   225   0   188   220
201   0   0   0   0   0   188
0   125   0   0   0   0   122
0   0   122   137   0   0   0
132   121   0   0   146   134   111
0   0   0   155   0   0   0
0   141   0   133   172   0   0
216   0   0   0   219   0   0
0   0   0   221   0   0   190
0   0   168   0   0   198   161
0   0   0   120   0   133   0
219   197   0   212   0   0   0
0   175   167   164   0   186   197
188   0   195   189   0   165   181
0   0   124   0   0   0   0
0   135   161   144   0   0   0
210   220   0   222   0   225   0
0   233   0   0   226   207   0
138   158   139   155   144   0   0
143   0   0   0   125   0   0
281   0   260   278   273   0   0
147   134   0   0   126   129   116
124   133   115   129   108   0   0
0   0   0   204   175   0   0
0   241   0   0   234   284   262
0   134   126   0   106   0   0
208   0   206   184   0   232   192
246   258   0   262   251   234   274
204   193   218   214   184   0   0
229   0   0   215   209   0   211
192   0   0   0   219   0   212
0   159   145   124   0   154   0
124   148   130   141   157   0   0
0   221   0   0   205   212   195
192   0   0   0   0   184   195
0   224   0   0   219   221   211
0   199   0   0   0   0   195
0   0   0   225   195   0   192
265   270   0   0   276   267   0
0   204   0   194   0   224   217
134   167   159   150   0   0   135
220   0   215   207   0   208   212
0   0   0   168   185   175   0
0   212   216   196   0   218   0
168   0   139   148   137   0   0
0   137   140   0   0   0   0
218   195   0   198   0   0   223
191   219   216   205   0   0   0
218   210   0   0   0   0   0
0   139   0   0   0   0   175
0   0   0   0   0   134   121
201   185   219   0   0   0   0
0   131   109   123   0   125   145
0   0   0   224   199   215   0
199   193   213   224   191   230   0
0   0   0   0   141   0   0
0   185   186   189   0   211   0
0   0   229   224   226   0   213
0   0   0   0   154   121   0
227   219   190   221   198   0   0
0   208   0   0   0   198   206
195   203   212   0   195   216   0
0   0   0   145   0   0   0
0   231   200   224   0   206   231
199   197   215   191   0   0   0
211   216   218   222   219   0   214
0   160   142   149   126   0   160
214   0   0   0   0   196   0
0   0   122   0   0   150   153
199   0   0   0   0   194   222
0   174   134   0   136   147   0
197   0   0   0   0   0   218
0   205   214   0   0   0   199
0   208   0   190   218   189   184
245   274   254   250   0   0   0
0   190   224   203   0   211   0
0   103   117   0   0   0   0
207   211   225   192   0   195   196
260   0   284   238   278   0   0
0   217   208   204   182   208   221
234   0   257   247   264   268   248
0   0   0   247   0   0   0
0   203   192   0   0   0   0
198   211   0   0   207   209   0
214   0   0   190   0   0   186
152   140   164   0   156   0   0
0   202   229   203   194   189   192
0   0   224   0   220   199   0
0   0   116   124   0   116   133
0   0   157   145   128   0   0
0   210   193   208   220   197   0
196   0   231   215   190   0   212
193   0   0   171   0   162   0
171   161   168   0   159   0   166
176   0   0   0   158   147   0
0   0   188   203   216   212   0
0   274   268   0   260   282   0
0   0   191   0   202   225   0
201   0   184   0   0   0   195
0   0   159   0   0   159   0
0   0   124   131   0   0   150
199   197   197   0   206   0   0
264   264   287   0   253   262   262
197   230   186   0   212   200   0
220   0   198   0   213   0   227
0   193   0   0   189   198   217
0   143   0   0   146   152   0
187   167   0   0   0   0   191
0   171   0   0   0   0   197
115   0   0   0   0   0   121
193   190   0   0   174   0   0
209   220   0   208   0   0   197
0   189   195   0   0   0   224
0   222   0   223   0   202   0
208   0   231   0   186   0   0
0   0   0   0   0   0   154
153   156   0   0   148   139   0
168   175   0   148   155   0   160
281   0   242   257   266   0   259
190   0   0   0   204   190   188
0   216   0   217   198   216   0
143   0   149   153   133   140   138
0   202   0   0   0   0   0
167   0   0   149   0   0   0
0   0   0   0   160   142   0
226   197   0   0   0   0   0
0   116   109   0   110   0   109
197   0   201   197   0   201   215
270   259   254   0   258   248   254
156   0   137   0   145   141   157
183   0   0   0   0   0   0
0   232   0   198   0   0   0
139   112   127   0   115   107   105
0   0   0   0   0   204   0
149   0   149   0   169   158   0
191   0   0   172   0   158   170
0   148   0   128   0   124   151
211   215   185   198   203   182   0
0   155   152   0   137   0   134
0   168   0   160   0   154   0
131   0   0   140   158   0   0
0   0   128   135   0   121   128
127   0   0   111   0   0   0
129   146   143   149   0   0   148
0   0   240   238   0   269   255
0   155   122   0   129   152   0
144   0   0   137   135   137   0
0   0   0   202   227   221   0
0   0   257   277   257   263   249
154   0   136   129   0   0   0
0   0   0   0   0   0   259
0   202   0   225   197   0   0
129   0   0   0   161   137   0
219   0   0   0   225   0   0
0   220   224   0   198   218   0
0   193   0   222   0   185   190
196   0   195   0   222   201   182
205   0   226   223   204   0   216
190   0   0   0   0   0   0
0   199   233   201   186   0   222
167   0   188   174   0   183   0
121   0   0   143   0   157   0
248   264   0   268   265   0   270
0   0   0   0   0   0   165
0   0   0   0   0   196   195
0   0   0   134   0   151   0
0   0   196   224   0   0   0
0   0   0   222   191   0   193
156   161   0   0   164   0   152
0   0   0   0   0   196   0
205   0   208   219   0   209   225
0   212   205   0   197   194   203
0   225   209   0   0   217   0
0   129   0   0   0   149   0
0   160   0   143   150   0   0
0   234   0   247   0   281   236
0   217   0   206   186   217   188
0   0   0   0   140   119   112
203   0   220   0   231   0   0
213   223   0   0   186   226   194
272   0   0   0   0   0   275
218   0   0   214   211   197   0
196   0   0   0   230   195   187
0   101   0   134   0   0   0
222   203   0   218   0   0   203
0   0   218   222   189   0   212
232   220   0   0   223   198   0
199   0   0   203   231   191   0
0   160   0   143   147   0   168
133   119   105   0   0   115   0
142   0   0   0   0   174   0
0   182   181   0   178   0   164
207   215   217   218   199   222   0
127   0   0   124   0   128   0
0   125   0   135   0   0   124
169   155   0   0   146   138   157
167   0   161   147   144   0   162
0   179   183   0   181   0   0
0   203   207   0   0   0   227
0   146   0   122   142   0   0
186   204   0   0   215   0   207
0   265   0   0   273   0   249
217   0   0   198   232   0   0
0   124   143   136   146   133   133
153   159   0   0   121   0   0
187   204   0   0   216   223   197
225   214   200   219   207   199   198
167   150   0   158   0   153   161
206   0   0   200   210   203   197
112   0   144   0   141   0   0
203   203   0   212   199   224   0
0   191   205   0   197   0   0
0   0   182   0   0   0   0
202   198   195   0   0   212   204
0   142   0   166   152   0   139
146   149   160   152   0   0   0
0   0   0   0   155   126   0
206   226   0   200   227   188   226
192   212   223   224   208   0   0
200   0   0   0   199   0   192
0   0   160   168   0   0   0
0   246   0   0   266   0   0
193   215   207   196   223   0   209
256   0   0   261   266   0   0
173   186   173   0   171   0   164
0   144   167   149   169   171   0
110   149   135   132   116   140   0
0   0   0   214   0   0   0
201   195   0   0   0   0   208
0   0   0   151   157   0   0
0   0   0   0   128   151   0
180   0   0   0   169   170   0
0   0   0   197   191   0   218
160   0   0   124   0   0   127
0   192   201   202   207   0   219
0   0   0   137   0   0   158
0   128   0   0   111   118   0
206   0   221   212   0   210   193
0   0   0   198   0   0   0
201   212   233   212   212   197   0
0   253   250   0   0   0   0
198   208   205   205   201   0   0
126   0   140   0   157   0   0
0   217   213   0   193   190   219
149   0   138   0   138   0   144
213   233   0   217   0   0   0
0   0   174   174   162   0   0
156   141   133   127   0   123   0
194   0   0   201   182   195   0
0   0   211   184   201   215   0
0   146   0   0   0   152   137
126   126   0   0   0   0   111
0   179   190   161   172   176   0
0   0   142   159   0   0   0
0   0   139   130   108   0   0
0   0   225   0   0   0   217
0   123   137   0   125   0   145
0   120   0   0   112   0   0
0   0   0   143   0   0   0
0   0   185   0   0   202   190
126   0   0   0   143   0   0
0   148   0   123   149   0   0
226   226   0   0   194   229   0
214   0   222   231   0   195   0
0   0   0   0   0   148   174
225   0   199   213   203   211   226
157   0   148   126   123   151   0
0   267   265   265   268   267   0
0   0   131   0   0   0   0
213   0   0   0   0   223   0
230   187   0   0   204   0   0
0   226   228   220   0   214   0
204   0   233   0   0   189   218
0   219   211   198   190   209   0
222   226   213   220   190   226   209
0   207   192   0   197   0   0
129   115   127   0   130   0   121
0   0   0   184   0   219   0
0   0   0   0   246   0   253
0   0   146   0   0   0   0
0   244   0   249   245   263   0
0   0   130   0   0   126   0
129   118   0   107   0   0   137
147   0   123   0   0   146   149
0   0   218   0   203   0   201
243   0   281   274   286   0   254
0   0   0   203   218   0   219
214   223   0   214   0   222   0
150   128   0   145   137   147   127
193   201   0   228   220   198   225
0   254   274   254   0   274   0
0   0   0   136   137   0   127
0   0   243   274   0   242   0
157   0   145   160   0   135   0
167   0   0   0   0   192   0
0   200   184   0   175   161   175
0   214   196   0   0   0   0
0   198   0   0   0   184   0
0   0   214   213   201   205   0
0   199   184   0   203   231   219
0   0   0   147   0   0   0
150   0   127   0   150   156   146
252   253   264   0   277   0   267
0   0   173   0   170   0   0
116   114   125   0   0   0   0
0   0   141   129   125   111   119
0   0   275   0   0   0   0
0   265   0   0   0   0   279
220   0   0   0   0   0   201
0   238   270   0   251   270   0
213   0   208   0   213   210   0
191   0   212   207   0   187   217
0   225   0   0   0   203   214
0   195   209   0   206   0   200
155   0   153   137   163   0   153
0   0   155   0   154   0   0
158   171   0   170   140   150   0
207   0   193   206   214   220   196
0   202   200   193   0   194   184
200   0   0   205   215   0   0
278   259   273   0   263   243   232
211   0   0   222   0   0   0
0   219   0   225   0   0   201
0   0   212   201   219   211   228
171   0   137   0   0   0   153
194   0   197   206   213   199   221
0   0   141   162   137   0   156
123   110   122   111   140   121   0
0   194   0   204   0   0   205
0   188   0   0   219   0   228
0   218   0   226   221   212   0
0   0   267   0   0   284   0
170   0   0   0   192   191   0
0   0   139   148   160   128   127
0   138   133   0   139   139   150
155   0   0   0   146   0   157
148   0   0   150   0   0   0
160   0   0   0   0   0   0
0   0   0   0   152   0   0
135   0   0   150   137   153   0
0   0   151   0   0   0   139
0   160   0   0   194   191   186
125   0   158   153   153   0   0
0   0   147   155   149   150   0
0   0   0   0   162   0   143
0   194   0   223   230   0   0
166   164   200   177   185   0   175
215   0   201   0   0   0   0
0   195   0   0   0   0   0
197   0   0   193   210   196   234
0   0   135   0   0   0   150
216   193   194   0   0   0   0
157   0   159   0   148   0   0
0   0   0   0   0   199   0
0   0   165   0   167   158   167
0   0   216   0   0   224   210
154   0   0   0   157   151   0
0   201   173   0   0   170   191
203   0   0   0   193   229   0
116   0   145   117   115   118   0
121   0   112   116   121   0   0
0   208   196   0   196   210   0
0   0   0   0   0   0   109
134   0   0   0   138   138   0
237   237   0   0   242   262   0
185   0   197   205   201   0   195
188   231   199   224   196   0   201
193   0   0   0   0   0   196
0   274   278   272   0   0   254
0   155   136   135   0   146   0
0   0   215   0   0   0   0
207   0   0   0   191   0   198
0   0   192   220   216   0   195
0   0   0   189   0   0   220
166   0   147   0   0   0   149
202   194   214   184   0   0   0
0   0   216   0   208   220   221
212   0   207   188   0   198   220
205   217   209   0   0   0   0
0   0   193   183   191   160   0
0   0   0   0   0   227   0
142   0   141   156   0   0   0
0   0   150   0   121   129   148
0   0   202   0   219   213   0
0   0   0   288   274   280   0
150   160   163   0   145   147   0
0   0   113   0   144   139   0
197   0   0   0   193   0   0
0   0   203   225   218   0   0
143   0   0   0   144   0   0
212   0   0   199   225   208   219
0   196   205   0   0   0   215
163   161   157   0   147   171   0
224   224   215   204   211   0   224
0   0   199   0   229   197   183
0   0   0   138   0   0   0
0   0   0   0   189   187   196
133   0   0   0   163   154   155
0   224   0   0   0   185   203
206   0   214   0   0   0   193
144   0   147   143   0   131   0
168   151   172   135   161   160   166
219   0   0   224   204   188   207
0   211   229   0   204   230   194
269   290   275   277   0   272   0
209   0   0   202   0   206   214
0   171   172   0   182   0   0
220   0   193   0   0   0   196
0   151   0   126   140   137   156
222   0   0   0   201   225   211
0   201   0   0   0   210   0
0   0   0   201   202   0   225
0   196   201   0   203   0   199
0   0   0   175   194   188   190
121   0   0   0   0   144   147
194   211   206   219   0   192   0
200   0   0   196   0   0   0
223   0   198   0   196   0   205
0   175   156   0   167   162   0
0   229   194   207   219   0   192
108   0   125   120   110   0   130
122   0   119   121   0   135   118
275   0   0   0   0   271   0
0   149   166   0   170   173   0
0   0   0   193   0   212   217
113   117   114   0   135   0   126
0   0   123   0   143   0   151
216   0   0   214   0   224   221
121   0   0   0   0   0   150
0   118   112   135   123   0   0
0   211   217   197   0   0   200
0   0   0   0   131   136   126
171   0   0   0   146   0   169
169   0   162   0   0   0   0
0   131   150   0   0   163   0
0   220   192   211   211   188   194
124   0   0   111   110   0   125
0   207   0   0   0   221   219
232   0   207   204   0   0   219
0   0   0   156   0   142   0
0   0   185   0   174   0   0
171   172   152   138   0   0   0
228   0   189   0   217   194   185
126   157   140   156   159   0   0
172   0   0   186   0   191   0
0   0   142   0   117   115   115
0   140   0   0   154   0   145
191   227   225   0   184   206   199
0   0   0   156   152   0   0
193   173   0   0   192   0   0
197   0   0   195   205   190   0
136   151   0   170   0   0   156
146   170   156   0   153   139   0
229   0   0   198   0   208   0
202   203   0   197   199   0   218
248   0   0   0   259   270   270
107   116   128   109   117   0   136
0   0   0   265   0   0   0
199   0   0   0   195   0   206
187   216   192   224   199   229   0
0   196   196   0   0   192   234
147   0   142   0   146   0   0
0   265   251   281   0   0   0
110   130   129   0   145   0   0
223   0   0   0   0   0   0
0   0   0   215   218   0   219
222   200   220   212   0   0   225
0   219   0   0   0   0   0
0   0   223   218   0   0   0
204   171   197   0   0   0   193
147   128   0   0   135   0   0
0   0   0   126   143   0   0
226   205   211   0   196   201   0
0   0   0   0   0   0   171
0   0   0   0   272   0   0
0   204   219   0   184   0   0
0   205   202   204   0   194   214
0   0   218   213   218   221   222
0   172   200   0   161   0   171
0   224   213   219   210   0   0
150   139   155   141   0   0   157
0   0   0   0   220   0   0
226   0   216   0   0   227   208
129   0   131   0   140   144   0
179   187   173   0   0   185   0
0   0   189   0   0   0   195
0   120   0   0   0   0   0
0   0   0   151   0   142   145
192   0   0   204   0   0   215
107   140   131   130   0   0   110
254   0   259   251   0   0   0
143   161   0   0   146   153   0
