1   1   4
3   1   4
5   1   10
6   1   2
10   1   10
12   1   2
18   1   2
20   1   2
22   1   4
24   1   2
25   1   10
26   1   2
27   1   2
29   1   10
31   1   10
32   1   8
36   1   2
37   1   10
38   1   6
42   1   6
44   1   4
45   1   8
46   1   4
47   1   6
48   1   6
51   1   2
52   1   10
53   1   6
54   1   2
57   1   10
60   1   8
63   1   6
64   1   4
67   1   10
70   1   6
71   1   10
76   1   2
78   1   4
1   2   10
6   2   6
9   2   2
11   2   4
12   2   10
15   2   8
19   2   4
20   2   6
21   2   4
23   2   8
24   2   4
25   2   4
26   2   4
27   2   8
29   2   10
30   2   8
31   2   4
34   2   6
35   2   6
36   2   10
37   2   10
39   2   6
40   2   4
42   2   10
44   2   4
46   2   10
48   2   10
49   2   4
50   2   4
52   2   8
57   2   6
58   2   10
59   2   10
60   2   6
64   2   2
67   2   10
70   2   2
71   2   10
74   2   6
75   2   2
78   2   8
1   3   8
3   3   8
6   3   2
7   3   8
8   3   4
9   3   2
10   3   2
13   3   2
14   3   4
15   3   6
17   3   4
19   3   10
20   3   10
21   3   4
22   3   8
25   3   8
28   3   8
33   3   4
34   3   2
35   3   6
37   3   4
38   3   10
39   3   2
42   3   10
45   3   4
47   3   8
51   3   8
52   3   10
53   3   2
55   3   2
56   3   4
58   3   2
61   3   8
62   3   4
64   3   8
65   3   6
68   3   6
72   3   4
73   3   6
74   3   10
76   3   10
79   3   8
80   3   2
2   4   8
5   4   2
6   4   8
7   4   6
10   4   8
11   4   4
12   4   10
14   4   10
17   4   8
18   4   10
21   4   8
24   4   4
27   4   2
28   4   4
29   4   2
30   4   8
31   4   4
33   4   6
34   4   8
36   4   2
37   4   6
40   4   8
42   4   6
46   4   8
47   4   8
48   4   2
52   4   2
54   4   6
56   4   8
58   4   6
59   4   2
60   4   2
61   4   6
64   4   8
65   4   2
67   4   10
69   4   6
71   4   10
73   4   10
75   4   6
76   4   10
77   4   8
78   4   8
1   5   10
2   5   10
5   5   10
9   5   6
10   5   10
13   5   8
14   5   4
16   5   8
17   5   6
18   5   8
21   5   4
22   5   2
24   5   2
25   5   6
26   5   6
30   5   4
31   5   2
33   5   2
42   5   8
43   5   4
44   5   2
45   5   10
46   5   8
49   5   4
51   5   4
53   5   10
54   5   8
55   5   2
56   5   4
59   5   10
65   5   8
67   5   8
69   5   10
71   5   10
72   5   6
73   5   6
76   5   2
77   5   2
78   5   2
79   5   2
80   5   2
3   6   10
4   6   2
5   6   8
9   6   2
13   6   10
14   6   6
15   6   10
16   6   2
21   6   6
22   6   10
27   6   4
29   6   6
31   6   6
32   6   4
35   6   4
37   6   4
43   6   10
45   6   8
46   6   2
48   6   6
49   6   6
50   6   10
56   6   2
57   6   8
59   6   4
60   6   4
63   6   4
64   6   10
68   6   8
69   6   8
71   6   6
72   6   4
73   6   10
75   6   6
77   6   2
78   6   8
79   6   8
80   6   6
4   7   4
5   7   4
9   7   6
11   7   2
12   7   8
16   7   8
18   7   8
21   7   6
22   7   4
23   7   4
29   7   8
34   7   6
36   7   8
37   7   8
41   7   6
44   7   8
46   7   2
48   7   6
52   7   6
53   7   8
55   7   4
57   7   6
61   7   2
64   7   2
69   7   6
71   7   10
72   7   6
73   7   4
75   7   4
76   7   8
77   7   8
79   7   8
3   8   2
5   8   4
6   8   2
10   8   10
11   8   4
14   8   10
16   8   10
18   8   2
20   8   4
22   8   8
26   8   4
32   8   2
34   8   4
35   8   2
36   8   6
41   8   2
42   8   2
43   8   2
44   8   10
48   8   2
54   8   2
59   8   2
62   8   4
64   8   2
65   8   10
66   8   10
67   8   10
69   8   10
72   8   2
73   8   10
74   8   10
77   8   2
79   8   6
80   8   10
