1   1   4
2   1   10
3   1   2
7   1   2
9   1   2
10   1   2
12   1   2
14   1   6
15   1   10
16   1   2
17   1   2
20   1   10
22   1   6
29   1   2
30   1   6
31   1   2
33   1   6
37   1   2
40   1   6
43   1   10
46   1   6
48   1   10
3   2   6
6   2   2
7   2   10
13   2   8
15   2   4
16   2   4
17   2   8
19   2   8
20   2   4
23   2   6
24   2   4
27   2   4
28   2   4
33   2   6
35   2   10
37   2   4
43   2   10
45   2   2
46   2   2
49   2   2
1   3   8
3   3   2
4   3   8
5   3   4
6   3   2
8   3   2
10   3   8
11   3   4
14   3   4
15   3   8
18   3   8
22   3   10
23   3   2
29   3   8
30   3   2
32   3   8
33   3   4
34   3   4
35   3   2
36   3   2
37   3   10
38   3   8
41   3   6
45   3   2
47   3   4
48   3   8
2   4   2
3   4   8
4   4   6
7   4   10
11   4   8
12   4   10
14   4   10
17   4   2
18   4   4
19   4   8
20   4   4
21   4   8
24   4   8
31   4   6
34   4   8
35   4   6
37   4   10
38   4   6
41   4   2
43   4   10
44   4   6
45   4   8
48   4   6
49   4   6
50   4   8
2   5   10
6   5   6
8   5   8
11   5   6
12   5   8
15   5   6
16   5   6
19   5   4
20   5   2
26   5   4
27   5   4
29   5   4
30   5   10
31   5   8
33   5   8
34   5   4
39   5   8
41   5   8
43   5   8
44   5   10
45   5   6
47   5   6
48   5   8
50   5   2
1   6   10
2   6   8
6   6   2
8   6   10
10   6   6
17   6   4
20   6   6
21   6   6
26   6   10
27   6   6
28   6   10
32   6   6
34   6   2
36   6   2
40   6   4
44   6   8
47   6   4
48   6   6
49   6   6
50   6   2
2   7   4
6   7   6
7   7   8
12   7   8
13   7   4
14   7   10
25   7   6
30   7   8
32   7   2
33   7   10
36   7   2
38   7   2
44   7   6
45   7   8
47   7   6
49   7   4
50   7   8
1   8   2
2   8   4
3   8   2
9   8   4
12   8   2
16   8   4
21   8   10
25   8   2
26   8   2
31   8   2
36   8   4
37   8   6
41   8   10
42   8   10
43   8   10
44   8   10
45   8   8
47   8   2
50   8   2
