1   1   4
2   1   2
6   1   10
11   1   2
15   1   4
17   1   10
18   1   10
19   1   10
23   1   2
24   1   6
28   1   6
30   1   4
31   1   6
32   1   6
34   1   6
35   1   2
40   1   6
41   1   4
42   1   10
43   1   6
44   1   10
46   1   4
49   1   8
2   2   6
5   2   2
7   2   4
10   2   8
14   2   4
16   2   8
17   2   4
18   2   10
19   2   4
21   2   6
23   2   10
25   2   6
26   2   4
28   2   10
30   2   4
32   2   10
33   2   10
37   2   10
41   2   2
42   2   10
43   2   2
44   2   10
46   2   4
47   2   6
49   2   10
1   3   8
2   3   2
3   3   8
4   3   4
5   3   2
6   3   2
9   3   2
10   3   6
11   3   8
13   3   4
14   3   10
15   3   8
17   3   8
20   3   4
21   3   2
24   3   10
25   3   2
28   3   10
31   3   8
34   3   2
36   3   2
37   3   2
39   3   4
41   3   8
45   3   6
47   3   10
49   3   8
50   3   8
2   4   8
3   4   6
6   4   8
7   4   4
8   4   4
13   4   8
18   4   2
19   4   4
20   4   6
21   4   8
22   4   8
23   4   2
26   4   8
28   4   6
31   4   8
32   4   2
35   4   6
37   4   6
41   4   8
42   4   10
44   4   10
45   4   10
46   4   2
48   4   8
49   4   2
5   5   6
6   5   10
9   5   8
12   5   8
13   5   6
15   5   2
17   5   6
19   5   2
20   5   2
28   5   8
29   5   4
30   5   2
34   5   10
35   5   8
36   5   2
38   5   8
42   5   8
44   5   10
45   5   6
46   5   4
48   5   2
49   5   6
50   5   2
1   6   10
5   6   2
9   6   10
10   6   10
11   6   6
12   6   2
15   6   10
18   6   6
19   6   6
22   6   6
29   6   10
32   6   6
40   6   4
41   6   10
44   6   6
45   6   10
46   6   2
48   6   2
50   6   8
5   7   6
7   7   2
8   7   8
12   7   8
15   7   4
16   7   4
18   7   8
21   7   6
23   7   8
27   7   6
30   7   8
32   7   6
33   7   8
34   7   8
36   7   4
41   7   2
44   7   10
45   7   4
48   7   8
50   7   8
1   8   2
2   8   2
6   8   10
7   8   4
12   8   10
15   8   8
21   8   4
22   8   10
23   8   6
27   8   2
28   8   2
29   8   2
30   8   10
32   8   2
35   8   2
39   8   4
41   8   2
42   8   10
45   8   10
47   8   10
48   8   2
49   8   8
50   8   6
