1   1   2
3   1   2
4   1   2
6   1   2
8   1   2
12   1   2
14   1   10
19   1   4
1   2   6
2   2   2
5   2   4
6   2   6
7   2   8
8   2   4
11   2   10
14   2   6
17   2   2
18   2   2
19   2   8
1   3   2
2   3   2
5   3   10
6   3   10
9   3   8
12   3   8
13   3   2
15   3   8
16   3   6
17   3   2
20   3   8
1   4   8
4   4   10
9   4   4
10   4   8
11   4   6
15   4   6
16   4   2
17   4   8
18   4   6
19   4   8
2   5   6
4   5   8
8   5   6
12   5   4
13   5   2
16   5   8
17   5   6
19   5   2
20   5   2
2   6   2
10   6   6
11   6   4
14   6   8
18   6   6
19   6   8
20   6   8
2   7   6
4   7   8
7   7   4
13   7   4
14   7   6
15   7   2
17   7   8
18   7   4
20   7   8
1   8   2
3   8   4
4   8   2
6   8   4
8   8   4
10   8   10
16   8   10
17   8   8
20   8   6
