1   1   4
3   1   10
4   1   2
6   1   8
8   1   10
10   1   2
15   1   2
18   1   2
20   1   2
22   1   4
24   1   6
25   1   2
26   1   2
28   1   10
30   1   10
35   1   2
36   1   10
37   1   6
40   1   6
42   1   4
43   1   8
44   1   6
45   1   6
49   1   2
51   1   10
52   1   2
54   1   6
56   1   10
60   1   2
61   1   8
64   1   6
67   1   10
70   1   10
72   1   10
74   1   4
77   1   2
79   1   8
80   1   4
4   2   6
7   2   2
9   2   4
10   2   10
14   2   8
19   2   4
20   2   6
21   2   4
23   2   8
25   2   4
26   2   8
28   2   10
29   2   8
30   2   4
31   2   6
32   2   6
35   2   10
36   2   10
38   2   6
40   2   10
42   2   4
45   2   10
46   2   10
47   2   4
48   2   4
50   2   10
51   2   8
54   2   6
56   2   6
57   2   10
58   2   10
60   2   4
61   2   6
67   2   10
69   2   2
70   2   10
74   2   4
75   2   6
76   2   2
79   2   10
80   2   8
1   3   8
4   3   2
5   3   8
6   3   8
7   3   2
8   3   2
12   3   2
13   3   4
14   3   6
15   3   8
17   3   4
19   3   10
20   3   10
21   3   4
22   3   8
24   3   4
27   3   8
31   3   2
32   3   6
36   3   4
37   3   10
38   3   2
40   3   10
43   3   4
44   3   8
49   3   8
51   3   10
53   3   8
54   3   4
55   3   4
57   3   2
59   3   2
60   3   10
62   3   8
65   3   6
68   3   6
69   3   2
71   3   4
72   3   8
73   3   6
75   3   10
77   3   10
79   3   8
3   4   2
4   4   8
5   4   6
8   4   8
9   4   4
10   4   10
11   4   4
13   4   10
17   4   8
18   4   10
21   4   8
24   4   10
26   4   2
27   4   4
28   4   2
29   4   8
30   4   4
31   4   8
33   4   6
34   4   8
35   4   2
36   4   6
40   4   6
44   4   8
45   4   2
46   4   6
51   4   2
52   4   6
55   4   8
57   4   6
58   4   2
60   4   10
61   4   2
62   4   6
65   4   2
67   4   10
69   4   8
70   4   10
72   4   6
73   4   10
74   4   2
76   4   6
77   4   10
78   4   8
79   4   2
80   4   8
3   5   10
6   5   10
7   5   6
8   5   10
12   5   8
13   5   4
16   5   8
17   5   6
18   5   8
21   5   4
22   5   2
25   5   6
29   5   4
30   5   2
40   5   8
41   5   4
42   5   2
43   5   10
47   5   4
49   5   4
52   5   8
54   5   8
55   5   4
58   5   10
63   5   8
65   5   8
67   5   8
69   5   6
70   5   10
71   5   6
72   5   8
73   5   6
74   5   4
77   5   2
78   5   2
79   5   6
80   5   2
1   6   10
2   6   2
3   6   8
7   6   2
12   6   10
13   6   6
14   6   10
15   6   6
16   6   2
21   6   6
22   6   10
26   6   4
28   6   6
30   6   6
32   6   4
33   6   4
34   6   6
36   6   4
41   6   10
43   6   8
45   6   6
46   6   4
47   6   6
48   6   10
53   6   6
55   6   2
56   6   8
58   6   4
59   6   2
61   6   4
64   6   4
68   6   8
70   6   6
71   6   4
72   6   6
73   6   10
74   6   2
76   6   6
78   6   2
80   6   8
2   7   4
3   7   4
7   7   6
9   7   2
10   7   8
11   7   8
16   7   8
18   7   8
21   7   6
22   7   4
23   7   4
24   7   10
28   7   8
31   7   6
33   7   10
35   7   8
36   7   8
39   7   6
42   7   8
45   7   6
50   7   8
51   7   6
53   7   2
54   7   10
56   7   6
59   7   2
62   7   2
69   7   8
70   7   10
71   7   6
73   7   4
76   7   4
77   7   8
78   7   8
1   8   2
3   8   4
4   8   2
8   8   10
9   8   4
13   8   10
16   8   10
18   8   2
20   8   4
22   8   8
25   8   4
31   8   4
32   8   2
34   8   10
35   8   6
39   8   2
40   8   2
41   8   2
42   8   10
45   8   2
52   8   2
58   8   2
59   8   4
60   8   6
65   8   10
66   8   10
67   8   10
69   8   8
71   8   2
73   8   10
75   8   10
78   8   2
79   8   8
