2   1   10
3   1   2
7   1   2
8   1   2
9   1   2
11   1   2
13   1   2
15   1   4
16   1   2
17   1   10
18   1   2
20   1   10
21   1   10
22   1   8
23   1   6
26   1   4
28   1   2
29   1   6
30   1   2
33   1   6
35   1   10
38   1   2
40   1   4
42   1   10
44   1   10
47   1   2
3   2   6
6   2   4
7   2   10
12   2   4
13   2   6
14   2   4
16   2   4
17   2   4
18   2   4
20   2   10
21   2   4
24   2   4
26   2   10
27   2   10
32   2   6
33   2   6
35   2   6
36   2   10
38   2   4
40   2   2
42   2   10
46   2   2
3   3   2
4   3   8
5   3   4
9   3   8
10   3   4
12   3   10
13   3   10
14   3   4
15   3   8
17   3   8
19   3   8
23   3   10
28   3   8
29   3   2
31   3   8
32   3   4
33   3   4
34   3   4
37   3   2
38   3   10
39   3   4
40   3   8
41   3   6
44   3   8
45   3   6
47   3   10
49   3   8
50   3   2
2   4   2
3   4   8
4   4   6
6   4   4
7   4   10
10   4   8
11   4   10
14   4   8
16   4   4
19   4   4
20   4   2
21   4   4
24   4   8
26   4   8
27   4   6
30   4   6
32   4   8
34   4   8
36   4   2
38   4   10
40   4   8
41   4   2
42   4   10
43   4   6
44   4   6
45   4   10
46   4   6
47   4   10
48   4   8
2   5   10
10   5   6
11   5   8
14   5   4
15   5   2
16   5   2
17   5   6
18   5   6
21   5   2
25   5   4
26   5   8
28   5   4
29   5   10
30   5   8
32   5   8
33   5   8
34   5   4
36   5   10
41   5   8
42   5   8
43   5   10
44   5   8
45   5   6
47   5   2
48   5   2
49   5   2
50   5   2
1   6   2
2   6   8
9   6   6
14   6   6
15   6   10
20   6   6
21   6   6
22   6   4
25   6   10
26   6   2
27   6   4
31   6   6
34   6   2
35   6   8
36   6   4
37   6   2
40   6   10
43   6   8
44   6   6
45   6   10
46   6   6
48   6   2
49   6   8
50   6   6
1   7   4
2   7   4
6   7   2
7   7   8
11   7   8
14   7   6
15   7   4
20   7   8
26   7   2
29   7   8
31   7   2
33   7   10
35   7   6
37   7   2
40   7   2
43   7   6
45   7   4
46   7   4
47   7   8
48   7   8
49   7   8
2   8   4
3   8   2
6   8   4
8   8   4
11   8   2
13   8   4
15   8   8
18   8   4
22   8   2
25   8   2
30   8   2
32   8   4
36   8   2
37   8   4
38   8   6
39   8   4
40   8   2
41   8   10
42   8   10
43   8   10
45   8   10
48   8   2
49   8   6
50   8   10
