2   1   4
6   1   8
8   1   10
10   1   2
12   1   2
15   1   2
18   1   2
20   1   2
22   1   6
23   1   2
24   1   10
25   1   2
27   1   10
29   1   10
30   1   8
34   1   2
35   1   10
36   1   6
40   1   6
42   1   4
43   1   8
44   1   6
45   1   6
47   1   2
49   1   10
50   1   6
51   1   2
54   1   6
56   1   10
60   1   2
61   1   8
64   1   6
65   1   4
68   1   10
71   1   6
72   1   10
75   1   4
76   1   2
78   1   8
79   1   4
7   2   2
9   2   4
10   2   10
14   2   8
19   2   4
20   2   6
21   2   4
23   2   4
24   2   4
25   2   8
27   2   10
28   2   8
29   2   4
34   2   10
35   2   10
37   2   6
38   2   4
40   2   10
42   2   4
45   2   10
46   2   4
48   2   10
49   2   8
53   2   6
54   2   6
56   2   6
57   2   10
58   2   10
60   2   4
61   2   6
65   2   2
68   2   10
70   2   2
71   2   2
72   2   10
75   2   4
78   2   10
79   2   8
2   3   8
4   3   8
5   3   4
6   3   8
7   3   2
8   3   2
13   3   4
14   3   6
15   3   8
17   3   4
19   3   10
20   3   10
21   3   4
22   3   4
24   3   8
26   3   8
31   3   4
35   3   4
36   3   10
37   3   2
40   3   10
43   3   4
44   3   8
47   3   8
49   3   10
50   3   2
52   3   8
53   3   4
54   3   4
55   3   4
57   3   2
59   3   2
60   3   10
62   3   8
65   3   8
66   3   6
69   3   6
70   3   2
73   3   4
74   3   6
76   3   10
78   3   8
80   3   8
1   4   8
4   4   6
8   4   8
9   4   4
10   4   10
11   4   4
13   4   10
17   4   8
18   4   10
21   4   8
22   4   10
23   4   4
25   4   2
26   4   4
27   4   2
28   4   8
29   4   4
31   4   6
32   4   6
33   4   8
34   4   2
35   4   6
38   4   8
40   4   6
44   4   8
45   4   2
49   4   2
51   4   6
53   4   8
55   4   8
57   4   6
58   4   2
60   4   10
61   4   2
62   4   6
65   4   8
66   4   2
68   4   10
70   4   8
72   4   10
74   4   10
75   4   2
76   4   10
77   4   8
78   4   2
79   4   8
1   5   10
6   5   10
7   5   6
8   5   10
13   5   4
16   5   8
17   5   6
18   5   8
21   5   4
23   5   2
24   5   6
28   5   4
29   5   2
31   5   2
40   5   8
41   5   4
42   5   2
43   5   10
46   5   4
47   5   4
50   5   10
51   5   8
53   5   8
54   5   8
55   5   4
58   5   10
63   5   8
66   5   8
68   5   8
70   5   6
72   5   10
73   5   6
74   5   6
75   5   4
76   5   2
77   5   2
78   5   6
79   5   2
80   5   2
2   6   10
3   6   2
7   6   2
13   6   6
14   6   10
15   6   6
16   6   2
21   6   6
25   6   4
27   6   6
29   6   6
30   6   4
32   6   4
33   6   6
35   6   4
41   6   10
43   6   8
45   6   6
46   6   6
52   6   6
55   6   2
56   6   8
58   6   4
59   6   2
61   6   4
64   6   4
65   6   10
69   6   8
72   6   6
73   6   4
74   6   10
75   6   2
77   6   2
79   6   8
80   6   8
3   7   4
7   7   6
9   7   2
10   7   8
11   7   8
16   7   8
18   7   8
21   7   6
22   7   10
27   7   8
32   7   10
34   7   8
35   7   8
39   7   6
42   7   8
45   7   6
48   7   8
49   7   6
50   7   8
52   7   2
54   7   10
56   7   6
59   7   2
62   7   2
65   7   2
70   7   8
72   7   10
73   7   6
74   7   4
76   7   8
77   7   8
80   7   8
2   8   2
8   8   10
9   8   4
12   8   4
13   8   10
16   8   10
18   8   2
20   8   4
30   8   2
33   8   10
34   8   6
39   8   2
40   8   2
41   8   2
42   8   10
45   8   2
51   8   2
53   8   4
58   8   2
59   8   4
60   8   6
65   8   2
66   8   10
67   8   10
68   8   10
70   8   8
73   8   2
74   8   10
77   8   2
78   8   8
80   8   6
