1   1   4
2   1   2
5   1   2
10   1   10
12   1   6
13   1   10
15   1   10
17   1   10
22   1   2
23   1   6
25   1   6
26   1   4
30   1   10
31   1   6
32   1   2
35   1   10
43   1   6
44   1   10
45   1   4
49   1   8
1   2   10
2   2   10
7   2   8
9   2   4
11   2   8
13   2   4
15   2   10
16   2   8
17   2   4
19   2   6
22   2   10
24   2   4
25   2   10
26   2   10
27   2   4
28   2   4
29   2   10
30   2   8
33   2   6
35   2   6
36   2   10
37   2   10
43   2   2
45   2   4
46   2   6
47   2   2
49   2   10
1   3   8
4   3   2
6   3   4
7   3   6
8   3   4
9   3   10
10   3   6
12   3   4
13   3   8
14   3   8
18   3   4
19   3   2
23   3   10
25   3   10
30   3   10
31   3   2
33   3   4
34   3   2
36   3   2
38   3   2
40   3   6
44   3   8
46   3   10
49   3   8
50   3   2
2   4   10
3   4   4
6   4   10
8   4   8
12   4   10
14   4   4
15   4   2
16   4   8
17   4   4
18   4   6
19   4   8
20   4   6
21   4   8
22   4   2
24   4   8
25   4   6
26   4   8
30   4   2
32   4   6
33   4   8
36   4   6
37   4   2
40   4   2
42   4   6
44   4   6
45   4   2
47   4   6
48   4   8
49   4   2
1   5   10
4   5   8
6   5   4
8   5   6
13   5   6
16   5   4
17   5   2
18   5   2
25   5   8
26   5   8
27   5   4
31   5   10
32   5   8
33   5   8
34   5   2
37   5   10
39   5   8
40   5   8
42   5   10
44   5   8
45   5   4
48   5   2
49   5   6
50   5   2
4   6   10
6   6   6
7   6   10
10   6   10
15   6   6
17   6   6
20   6   4
21   6   6
26   6   2
27   6   6
28   6   10
35   6   8
37   6   4
38   6   2
42   6   8
44   6   6
45   6   2
47   6   6
48   6   2
50   6   6
2   7   8
3   7   8
11   7   4
12   7   10
15   7   8
19   7   6
20   7   10
22   7   8
26   7   2
29   7   8
30   7   6
31   7   8
34   7   4
35   7   6
38   7   2
42   7   6
47   7   4
48   7   8
5   8   4
6   8   10
10   8   6
19   8   4
21   8   10
22   8   6
25   8   2
32   8   2
33   8   4
37   8   2
38   8   4
40   8   10
41   8   10
42   8   10
46   8   10
48   8   2
49   8   8
50   8   10
