1   1   4
2   1   4
4   1   10
5   1   2
7   1   8
9   1   10
11   1   2
13   1   2
16   1   2
20   1   2
21   1   4
23   1   6
24   1   2
25   1   2
26   1   2
28   1   10
30   1   10
31   1   8
36   1   2
37   1   6
41   1   6
43   1   4
44   1   8
45   1   4
46   1   6
50   1   2
52   1   10
53   1   6
54   1   2
58   1   10
61   1   2
62   1   8
64   1   6
65   1   4
68   1   10
71   1   6
72   1   10
75   1   4
78   1   8
1   2   10
5   2   6
8   2   2
10   2   4
11   2   10
15   2   8
19   2   4
20   2   6
22   2   8
24   2   4
25   2   4
26   2   8
28   2   10
29   2   8
30   2   4
33   2   6
34   2   6
36   2   10
38   2   6
39   2   4
41   2   10
43   2   4
45   2   10
47   2   10
48   2   4
49   2   4
51   2   10
52   2   8
55   2   6
58   2   6
59   2   10
61   2   4
62   2   6
65   2   2
68   2   10
70   2   2
71   2   2
72   2   10
75   2   4
76   2   6
77   2   2
78   2   10
1   3   8
2   3   8
5   3   2
6   3   8
7   3   8
8   3   2
9   3   2
14   3   4
15   3   6
16   3   8
18   3   4
19   3   10
20   3   10
21   3   8
23   3   4
27   3   8
32   3   4
33   3   2
34   3   6
37   3   10
38   3   2
41   3   10
44   3   4
46   3   8
50   3   8
52   3   10
53   3   2
55   3   4
56   3   2
57   3   4
60   3   2
61   3   10
63   3   4
65   3   8
66   3   6
70   3   2
73   3   4
74   3   6
76   3   10
78   3   8
79   3   8
80   3   2
4   4   2
5   4   8
6   4   6
9   4   8
10   4   4
11   4   10
12   4   4
14   4   10
18   4   8
23   4   10
24   4   4
26   4   2
27   4   4
28   4   2
29   4   8
30   4   4
32   4   6
33   4   8
35   4   6
36   4   2
39   4   8
41   4   6
45   4   8
46   4   8
47   4   6
52   4   2
54   4   6
55   4   8
57   4   8
59   4   2
61   4   10
62   4   2
65   4   8
66   4   2
68   4   10
69   4   6
70   4   8
72   4   10
74   4   10
75   4   2
77   4   6
78   4   2
1   5   10
4   5   10
7   5   10
8   5   6
9   5   10
14   5   4
17   5   8
18   5   6
21   5   2
24   5   2
25   5   6
29   5   4
30   5   2
32   5   2
41   5   8
42   5   4
43   5   2
44   5   10
45   5   8
48   5   4
50   5   4
53   5   10
54   5   8
55   5   8
56   5   2
57   5   4
59   5   10
66   5   8
68   5   8
69   5   10
70   5   6
72   5   10
73   5   6
74   5   6
75   5   4
78   5   6
79   5   2
80   5   2
2   6   10
3   6   2
4   6   8
8   6   2
14   6   6
15   6   10
16   6   6
17   6   2
21   6   10
26   6   4
28   6   6
30   6   6
31   6   4
34   6   4
35   6   4
42   6   10
44   6   8
45   6   2
47   6   4
48   6   6
49   6   10
57   6   2
58   6   8
59   6   4
60   6   2
62   6   4
64   6   4
65   6   10
69   6   8
72   6   6
73   6   4
74   6   10
75   6   2
77   6   6
79   6   8
80   6   6
3   7   4
4   7   4
8   7   6
10   7   2
11   7   8
12   7   8
17   7   8
21   7   4
22   7   4
23   7   10
28   7   8
33   7   6
35   7   10
36   7   8
40   7   6
43   7   8
45   7   2
51   7   8
52   7   6
53   7   8
56   7   4
58   7   6
60   7   2
65   7   2
69   7   6
70   7   8
72   7   10
73   7   6
74   7   4
77   7   4
79   7   8
2   8   2
4   8   4
5   8   2
9   8   10
10   8   4
13   8   4
14   8   10
17   8   10
20   8   4
21   8   8
25   8   4
31   8   2
33   8   4
34   8   2
36   8   6
40   8   2
41   8   2
42   8   2
43   8   10
54   8   2
55   8   4
59   8   2
60   8   4
61   8   6
63   8   4
65   8   2
66   8   10
67   8   10
68   8   10
69   8   10
70   8   8
73   8   2
74   8   10
76   8   10
78   8   8
79   8   6
80   8   10
