1   1   4
2   1   10
3   1   2
5   1   8
6   1   2
8   1   2
14   1   6
15   1   2
16   1   10
17   1   8
20   1   2
21   1   10
22   1   6
24   1   6
26   1   4
27   1   8
28   1   6
30   1   2
32   1   10
33   1   2
37   1   2
39   1   6
40   1   4
46   1   10
48   1   2
49   1   4
1   2   10
3   2   6
6   2   10
9   2   8
12   2   4
13   2   8
15   2   4
16   2   4
18   2   6
20   2   10
21   2   10
23   2   4
24   2   10
26   2   4
29   2   4
31   2   10
32   2   8
35   2   6
37   2   4
40   2   2
45   2   2
46   2   10
47   2   2
49   2   8
1   3   8
3   3   2
4   3   4
5   3   8
9   3   6
11   3   4
12   3   10
14   3   4
18   3   2
21   3   4
22   3   10
24   3   10
27   3   4
28   3   8
30   3   8
32   3   10
34   3   8
35   3   4
36   3   4
37   3   10
38   3   8
40   3   8
41   3   6
43   3   6
45   3   2
48   3   10
50   3   8
2   4   2
3   4   8
6   4   10
7   4   4
11   4   8
14   4   10
15   4   4
16   4   4
18   4   8
19   4   6
20   4   2
21   4   6
23   4   8
24   4   6
28   4   8
32   4   2
33   4   6
35   4   8
36   4   8
37   4   10
38   4   6
40   4   8
41   4   2
44   4   6
45   4   8
46   4   10
47   4   6
48   4   10
49   4   8
1   5   10
2   5   10
5   5   10
10   5   8
11   5   6
15   5   2
16   5   2
24   5   8
25   5   4
26   5   2
27   5   10
30   5   4
33   5   8
35   5   8
36   5   4
41   5   8
44   5   10
45   5   6
46   5   10
48   5   2
49   5   2
50   5   2
2   6   8
9   6   10
10   6   2
16   6   6
17   6   4
19   6   4
21   6   4
25   6   10
27   6   8
29   6   10
34   6   6
36   6   2
39   6   4
40   6   10
43   6   8
44   6   8
46   6   6
47   6   6
49   6   8
50   6   8
2   7   4
6   7   8
7   7   8
10   7   8
13   7   4
14   7   10
18   7   6
19   7   10
20   7   8
21   7   8
26   7   8
31   7   8
32   7   6
34   7   2
38   7   2
40   7   2
44   7   6
45   7   8
46   7   10
47   7   4
48   7   8
50   7   8
2   8   4
3   8   2
8   8   4
10   8   10
17   8   2
18   8   4
20   8   6
24   8   2
25   8   2
26   8   10
33   8   2
35   8   4
37   8   6
40   8   2
41   8   10
42   8   10
44   8   10
45   8   8
50   8   6
