0   0   257   0   260   264   254
0   0   0   0   114   114   0
0   0   0   209   0   207   0
0   157   155   151   0   153   0
141   0   0   0   140   140   139
0   178   0   180   0   0   186
210   0   205   214   0   0   0
211   201   207   214   0   206   212
205   0   0   0   0   0   206
0   140   0   0   0   0   139
0   0   141   139   0   0   0
214   206   0   0   0   208   206
0   0   0   139   0   0   0
0   0   214   0   212   0   210
254   0   266   256   0   256   0
0   206   203   205   205   203   208
0   0   0   127   0   128   0
179   0   176   184   0   179   183
182   0   185   0   179   184   0
202   0   212   0   0   202   0
151   152   157   152   156   0   0
207   0   211   0   208   203   0
141   0   0   0   139   0   0
0   139   141   142   142   0   143
214   0   210   203   0   214   206
210   210   0   0   214   206   206
257   260   0   252   252   253   268
0   0   0   0   0   0   203
205   0   0   0   208   0   202
0   141   139   143   0   139   0
206   208   0   214   202   0   0
0   204   0   0   201   206   210
212   212   0   0   201   0   212
260   252   0   0   258   265   0
0   213   0   214   0   212   204
214   205   212   214   0   212   207
151   151   155   154   0   0   151
0   0   0   0   208   0   0
0   185   183   183   180   181   181
0   211   204   201   0   205   0
155   0   151   151   156   0   0
0   139   143   0   0   0   0
0   0   202   0   211   0   0
0   0   0   0   0   0   152
0   0   0   208   207   0   0
0   0   0   0   0   126   127
213   204   213   0   0   0   0
0   126   126   127   0   126   128
201   209   201   214   203   212   0
0   0   214   212   208   0   207
0   0   0   0   138   141   0
213   0   0   0   0   206   0
0   0   156   156   151   0   157
0   0   203   0   210   0   201
0   214   203   210   0   202   213
139   138   138   143   0   138   139
0   113   0   0   0   113   113
210   214   208   208   0   0   0
0   154   0   0   154   155   0
0   142   139   143   140   0   142
209   0   0   0   0   212   0
0   0   214   209   0   0   209
0   0   140   0   0   141   142
0   183   184   0   186   185   180
0   207   201   205   0   206   214
0   210   0   208   208   204   203
0   204   211   206   0   212   0
0   138   139   139   143   0   0
0   114   113   0   0   0   0
208   209   205   204   0   202   204
0   181   0   178   0   0   0
206   214   206   209   0   0   206
0   0   0   257   0   0   0
202   0   0   204   0   0   201
155   155   153   0   154   0   0
0   128   0   126   127   0   0
0   0   127   127   0   129   125
0   0   141   0   142   139   142
0   0   140   143   141   0   0
210   214   0   210   0   0   0
127   0   0   128   127   128   0
202   0   211   204   203   0   209
184   0   0   184   0   181   0
184   181   182   0   176   0   179
156   0   0   0   155   157   0
0   0   207   0   207   210   0
142   0   0   143   0   0   141
0   183   183   0   176   0   176
0   185   0   0   0   184   0
209   206   203   0   212   0   0
0   143   0   139   143   0   140
265   260   272   0   272   269   272
213   214   206   0   205   202   0
0   0   0   0   209   214   214
0   202   214   213   208   211   0
141   142   141   0   0   141   141
0   201   213   0   206   0   0
0   151   0   0   154   155   0
210   208   0   204   0   0   0
0   178   0   0   0   0   181
127   0   0   0   0   0   127
184   181   0   0   177   0   0
207   204   0   205   0   0   206
0   0   0   201   204   0   211
0   0   0   203   0   0   0
125   128   0   127   0   0   0
202   202   0   204   205   214   202
0   0   0   0   0   0   139
140   140   0   0   140   142   0
143   139   141   138   0   0   0
0   126   126   126   128   0   0
152   156   0   155   154   0   153
266   0   253   270   270   0   270
0   206   0   207   211   201   0
153   0   154   156   153   153   153
139   140   141   139   0   142   0
152   0   0   154   0   0   0
0   0   0   0   262   260   257
0   0   0   0   140   141   0
0   127   127   0   126   0   126
202   0   209   204   0   204   203
207   0   203   0   208   202   0
0   0   184   183   0   0   179
151   0   156   0   156   154   151
0   214   0   206   0   0   0
128   125   129   0   126   126   125
0   0   213   0   0   0   0
0   0   0   0   0   206   0
155   0   154   0   157   154   0
182   0   0   177   0   177   184
206   0   0   207   0   0   201
0   140   0   139   0   143   143
206   0   202   0   0   210   0
206   213   204   203   206   202   0
0   157   0   151   0   151   0
140   0   0   138   140   0   0
141   138   143   0   0   138   0
0   0   211   214   0   202   208
0   0   142   142   0   138   139
0   0   0   210   213   207   0
0   0   261   258   270   261   265
0   0   0   0   0   0   256
210   0   206   206   0   0   0
140   0   0   0   141   142   0
214   0   0   0   213   0   0
211   0   210   0   203   206   201
183   0   0   0   0   0   0
0   207   0   0   211   0   204
0   211   214   208   202   0   207
0   0   201   205   213   201   204
143   0   142   140   0   0   143
0   154   155   0   151   0   0
213   209   0   207   203   0   0
202   206   0   206   0   0   0
0   181   181   177   184   0   184
0   0   0   138   0   139   0
0   0   202   0   207   208   0
0   0   127   0   0   0   0
0   0   0   206   208   0   211
157   153   0   0   153   0   154
0   206   0   0   212   0   210
0   0   0   0   0   207   0
0   214   201   0   211   202   208
0   210   206   0   0   214   0
210   210   0   205   0   210   0
0   209   0   205   206   201   205
0   201   0   0   0   0   203
0   0   0   151   155   0   0
212   0   204   0   212   0   0
210   0   214   0   0   0   0
206   211   0   0   205   211   0
202   0   0   207   207   210   0
0   138   140   0   0   140   139
205   212   0   202   0   0   214
143   138   141   140   0   143   140
0   0   209   213   206   0   210
214   0   0   214   212   206   0
0   151   0   153   154   0   151
113   114   114   0   0   114   0
0   208   209   214   0   0   214
154   0   0   0   0   154   0
0   211   0   0   0   211   203
206   212   209   210   209   203   0
0   178   0   177   0   0   0
0   139   0   142   0   0   143
154   152   0   0   156   154   155
152   0   157   151   154   0   152
0   177   181   0   184   0   0
214   213   204   214   0   202   0
0   212   202   0   0   0   209
151   151   153   0   0   0   0
211   0   0   0   0   206   0
0   206   0   0   0   214   0
0   155   0   0   157   0   0
0   141   0   139   143   0   0
151   155   0   155   151   153   155
0   125   126   0   0   129   128
0   0   0   0   155   152   0
0   0   0   157   0   152   151
204   214   212   0   214   0   0
0   272   0   0   258   0   257
0   138   0   139   139   141   0
201   0   0   210   214   0   0
204   208   210   206   0   0   0
214   0   213   211   207   0   0
138   139   0   0   139   0   0
206   209   207   0   210   0   206
0   207   206   206   0   205   211
205   0   0   0   0   212   202
125   0   128   0   128   0   0
201   0   214   206   207   204   205
151   0   155   0   0   0   0
176   0   0   0   183   0   0
0   0   180   0   0   0   0
212   213   214   0   0   206   214
265   252   0   0   0   0   0
152   157   152   155   0   0   0
0   0   0   0   140   143   0
202   210   0   203   209   207   209
206   211   205   207   206   0   0
186   0   0   0   179   0   179
211   214   0   208   212   214   206
214   0   0   0   204   0   202
266   0   0   270   256   0   0
183   185   184   0   182   0   177
0   0   0   0   0   0   155
128   129   126   126   129   128   0
205   0   0   0   210   0   0
0   0   0   203   0   0   0
128   0   125   127   128   127   0
0   0   0   0   0   152   0
0   0   0   0   141   139   0
0   0   0   210   206   212   0
113   113   0   0   114   114   0
0   0   180   0   0   0   180
125   128   0   128   0   128   0
0   269   268   0   0   0   0
201   0   207   202   0   0   0
138   0   143   0   141   0   0
0   201   206   0   213   209   211
0   0   127   128   0   127   0
0   0   214   0   207   209   214
140   142   0   0   138   143   140
152   156   0   0   156   0   155
212   214   0   203   0   0   0
202   0   0   0   0   0   0
0   0   177   182   180   0   0
182   0   0   184   180   181   0
0   0   206   201   210   214   0
127   127   0   127   129   126   128
128   127   0   0   0   0   126
201   0   203   0   0   201   0
202   0   214   0   211   0   0
0   0   205   0   0   206   203
143   0   0   0   141   0   0
177   0   181   0   0   0   177
0   141   0   139   143   0   0
0   0   0   0   0   214   0
206   211   0   0   205   211   0
179   0   185   184   181   178   183
0   0   0   0   0   151   154
206   0   213   203   210   210   210
0   155   155   0   151   0   154
203   0   0   0   0   214   202
0   0   126   0   0   0   0
210   0   0   0   0   214   0
210   201   0   0   210   0   0
0   206   208   202   0   210   0
0   204   210   202   203   214   0
114   114   113   0   113   0   113
0   0   0   204   0   208   0
0   0   0   0   260   0   257
0   0   127   0   0   0   0
214   214   206   0   208   206   0
126   128   0   126   0   128   0
0   181   0   0   0   0   185
0   262   0   258   264   265   0
202   0   207   201   0   0   202
206   205   203   0   0   0   208
0   0   142   0   0   139   0
127   126   0   127   0   0   126
207   213   206   206   212   206   0
0   0   201   205   213   201   204
257   0   270   270   269   0   272
0   0   0   214   213   0   204
139   140   0   141   142   138   143
0   0   207   0   0   208   0
209   212   0   214   213   213   208
153   156   0   157   0   0   155
0   265   261   272   0   268   0
0   212   0   211   0   0   0
214   214   206   0   204   0   214
204   208   0   214   0   0   211
0   209   0   0   204   0   0
0   185   182   0   182   181   182
209   205   214   0   0   0   0
0   214   206   0   0   0   0
210   0   207   0   203   0   0
0   204   206   206   0   204   212
206   0   214   0   206   212   205
0   206   204   0   202   214   206
0   203   0   0   0   0   0
0   0   0   156   0   0   0
257   0   253   0   0   0   261
0   207   207   212   0   214   210
0   0   0   209   210   0   202
0   0   269   0   0   0   0
0   206   0   213   0   0   204
253   269   269   0   265   0   269
126   126   126   0   0   0   0
214   0   206   212   212   0   210
0   0   0   0   214   208   0
206   0   0   0   0   0   205
113   114   114   113   0   114   0
142   140   0   0   0   138   0
201   0   0   0   203   0   210
0   258   264   0   261   261   0
0   212   0   0   0   206   211
0   214   212   0   212   0   212
138   0   143   142   143   0   140
0   0   0   0   151   0   155
0   203   0   0   208   204   207
0   0   152   0   153   0   0
0   207   0   0   0   0   0
0   140   0   141   0   0   0
206   0   211   214   213   201   207
206   0   0   211   214   0   0
0   207   201   204   204   0   211
203   0   0   213   0   0   0
0   201   209   0   0   0   0
139   141   0   0   0   139   0
0   0   139   140   0   138   139
272   258   0   0   0   261   269
0   0   203   206   203   206   0
186   0   0   179   177   0   183
0   214   0   209   0   0   201
0   202   0   0   211   0   209
128   127   0   128   129   0   127
0   266   0   0   264   0   0
142   0   0   0   0   138   0
155   153   0   0   154   157   0
0   0   266   0   0   265   0
0   155   153   0   153   153   151
143   0   0   142   0   0   0
140   0   0   0   0   0   0
0   0   0   0   143   0   0
0   0   152   152   0   153   151
0   0   0   0   0   0   206
205   0   0   214   0   205   0
0   126   126   0   126   0   126
180   0   0   0   185   0   183
0   207   208   0   0   206   201
142   0   138   140   140   0   0
0   0   151   157   157   155   0
0   0   0   0   142   0   141
0   206   0   208   214   0   0
210   0   214   0   0   0   0
0   0   140   0   0   0   140
205   0   0   0   0   0   205
205   203   207   0   0   0   0
156   0   151   0   156   0   0
156   0   152   151   0   0   156
213   0   0   201   0   207   0
114   0   113   0   114   0   114
138   0   0   0   141   142   0
207   202   209   0   0   0   0
0   209   0   0   0   213   208
209   210   205   0   214   0   214
206   0   0   0   204   214   0
129   0   129   126   126   0   0
0   183   180   0   179   0   0
203   213   206   0   0   0   201
140   0   0   0   143   139   0
0   0   202   0   213   206   0
254   252   0   0   252   265   0
0   143   0   0   0   0   0
201   214   0   0   204   0   0
207   213   202   208   210   0   206
179   0   0   0   0   0   181
0   264   268   256   0   0   258
206   0   0   0   206   0   205
0   0   206   204   0   0   0
0   0   213   203   0   206   206
0   0   184   0   0   0   0
0   208   0   0   0   208   0
151   0   154   0   0   0   155
155   0   0   153   0   0   0
0   205   0   0   0   0   0
141   138   0   139   0   0   143
0   0   206   0   211   211   209
214   0   205   202   0   214   204
126   126   127   126   126   0   0
0   0   180   177   182   179   0
138   0   139   142   0   0   0
0   0   206   0   211   203   0
0   0   128   0   128   126   0
0   208   0   0   0   0   204
0   0   0   128   129   0   129
0   0   207   207   207   0   0
0   202   211   0   0   212   0
211   208   214   201   206   0   214
0   0   0   206   207   0   212
214   0   0   0   203   0   0
209   0   208   0   0   0   202
153   155   152   155   155   155   157
213   0   0   213   202   202   205
0   213   0   213   214   0   209
214   0   0   208   0   0   214
0   205   209   0   209   214   205
264   265   0   0   254   264   262
208   0   0   0   201   0   206
0   207   0   202   204   214   208
214   0   0   204   0   205   202
0   0   262   0   0   272   266
0   0   114   113   0   0   0
0   179   177   0   181   0   0
212   0   213   0   0   212   213
0   0   204   0   0   0   209
0   142   0   143   139   138   140
206   0   0   0   212   208   209
0   203   0   0   0   214   0
0   157   0   157   0   157   0
0   0   0   185   185   179   178
0   140   139   0   141   140   0
126   0   128   126   0   127   128
0   0   0   0   203   0   0
204   201   0   209   0   0   205
206   0   204   0   206   0   208
0   156   155   0   151   156   0
0   210   202   201   211   0   203
214   0   0   0   0   0   0
265   0   0   0   0   265   0
206   210   0   0   0   211   214
0   143   140   138   0   0   140
212   0   201   214   0   0   0
0   0   0   203   0   201   206
0   0   140   0   142   0   143
213   0   0   202   0   208   214
0   0   0   0   126   126   125
0   142   143   0   0   0   0
153   0   155   0   0   0   0
204   0   214   0   201   210   214
0   214   0   0   0   0   0
128   0   0   128   126   0   128
214   0   210   205   0   0   212
0   0   0   153   0   155   0
0   0   179   0   186   0   0
0   208   0   214   209   0   211
211   0   203   0   210   206   205
140   143   138   140   142   0   0
0   0   127   0   127   126   127
0   143   0   0   139   0   141
0   0   213   0   205   0   206
0   0   0   139   142   0   0
181   179   0   0   183   0   0
205   0   0   203   202   201   0
152   156   0   156   0   0   152
156   156   154   0   157   151   0
208   206   209   0   0   214   0
157   0   154   0   153   0   0
205   205   0   213   208   0   201
0   0   207   214   214   0   0
266   0   0   0   264   258   262
126   127   127   127   128   0   128
204   208   201   0   0   206   0
207   0   0   0   211   0   203
205   210   206   207   213   212   0
0   126   0   0   0   0   126
0   213   211   0   206   206   210
0   201   207   208   0   0   0
203   0   0   0   0   0   0
0   0   0   205   206   0   201
214   211   208   210   0   0   214
0   206   0   0   0   0   0
0   0   208   206   0   0   0
0   0   153   153   152   152   151
186   177   179   0   0   0   184
0   0   0   142   140   0   0
0   140   0   142   140   0   142
152   155   154   152   155   0   0
0   0   0   0   252   0   0
0   213   202   0   201   0   0
0   0   0   0   210   0   0
0   206   205   211   0   214   208
0   127   126   127   0   0   0
0   208   0   214   209   0   211
0   0   0   208   0   210   203
209   209   204   207   0   0   0
214   0   209   0   0   212   211
0   0   207   0   0   0   214
0   206   0   211   0   0   210
0   139   0   0   0   0   0
0   0   0   140   0   139   139
0   205   202   206   208   210   0
211   0   0   210   0   0   209
0   0   211   0   0   214   206
183   182   181   183   177   182   0
262   0   258   256   0   0   0
0   0   151   153   0   0   0
0   139   0   139   0   141   0
