1   1   4
2   1   10
3   1   2
6   1   2
8   1   2
11   1   2
14   1   2
15   1   4
16   1   6
17   1   10
18   1   2
20   1   10
21   1   8
24   1   2
25   1   10
26   1   6
30   1   8
31   1   2
32   1   6
33   1   2
35   1   6
38   1   10
40   1   2
41   1   8
44   1   6
45   1   10
46   1   6
47   1   10
48   1   10
3   2   6
5   2   4
6   2   10
10   2   8
14   2   6
17   2   4
18   2   8
19   2   8
20   2   4
22   2   6
23   2   6
24   2   10
25   2   10
27   2   4
35   2   6
38   2   6
40   2   4
41   2   6
45   2   10
46   2   2
47   2   10
49   2   2
1   3   8
3   3   2
4   3   8
9   3   4
10   3   6
11   3   8
13   3   4
14   3   10
15   3   8
16   3   4
17   3   8
22   3   2
23   3   6
25   3   4
26   3   10
30   3   4
31   3   8
32   3   2
34   3   8
35   3   4
36   3   2
37   3   4
39   3   2
40   3   10
42   3   8
48   3   8
2   4   2
3   4   8
4   4   6
5   4   4
6   4   10
7   4   4
9   4   10
13   4   8
16   4   10
18   4   2
19   4   8
20   4   4
22   4   8
24   4   2
25   4   6
27   4   8
33   4   6
37   4   8
40   4   10
41   4   2
42   4   6
45   4   10
47   4   10
48   4   6
49   4   6
50   4   8
2   5   10
9   5   4
12   5   8
13   5   6
15   5   2
17   5   6
19   5   4
20   5   2
29   5   4
30   5   10
31   5   4
32   5   10
33   5   8
35   5   8
36   5   2
37   5   4
43   5   8
45   5   8
47   5   10
48   5   8
50   5   2
1   6   10
2   6   8
9   6   6
10   6   10
11   6   6
12   6   2
15   6   10
18   6   4
20   6   6
21   6   4
23   6   4
25   6   4
29   6   10
30   6   8
34   6   6
37   6   2
38   6   8
39   6   2
41   6   4
44   6   4
47   6   6
48   6   6
49   6   6
50   6   2
2   7   4
5   7   2
6   7   8
7   7   8
12   7   8
15   7   4
16   7   10
22   7   6
24   7   8
25   7   8
28   7   6
32   7   8
34   7   2
35   7   10
36   7   4
38   7   6
39   7   2
42   7   2
47   7   10
49   7   4
50   7   8
1   8   2
2   8   4
3   8   2
5   8   4
8   8   4
9   8   10
12   8   10
14   8   4
15   8   8
21   8   2
22   8   4
23   8   2
24   8   6
28   8   2
29   8   2
33   8   2
39   8   4
40   8   6
45   8   10
50   8   2
