1   1   4
2   1   4
3   1   10
6   1   8
7   1   2
9   1   2
11   1   2
12   1   10
13   1   2
15   1   4
17   1   6
18   1   2
19   1   10
20   1   2
21   1   2
22   1   10
23   1   8
26   1   2
27   1   6
30   1   6
32   1   6
36   1   10
37   1   6
39   1   2
41   1   6
43   1   10
45   1   10
48   1   2
49   1   8
1   2   10
7   2   10
13   2   6
14   2   4
16   2   8
18   2   4
19   2   4
20   2   4
21   2   8
22   2   4
25   2   6
26   2   10
28   2   6
30   2   10
33   2   10
34   2   4
35   2   10
36   2   8
37   2   6
39   2   4
43   2   10
44   2   2
47   2   2
49   2   10
1   3   8
2   3   8
4   3   8
5   3   4
6   3   8
8   3   4
9   3   8
12   3   6
13   3   10
14   3   4
15   3   8
17   3   4
19   3   8
24   3   4
25   3   6
27   3   10
28   3   2
30   3   10
32   3   8
36   3   10
37   3   4
38   3   4
39   3   10
40   3   4
42   3   6
44   3   2
45   3   8
46   3   6
48   3   10
49   3   8
50   3   2
3   4   2
4   4   6
7   4   10
8   4   10
11   4   10
14   4   8
17   4   10
18   4   4
21   4   2
22   4   4
24   4   6
26   4   2
30   4   6
32   4   8
33   4   6
36   4   2
38   4   8
39   4   10
42   4   2
43   4   10
44   4   8
45   4   6
46   4   10
47   4   6
48   4   10
49   4   2
1   5   10
3   5   10
6   5   10
8   5   4
10   5   8
11   5   8
14   5   4
15   5   2
18   5   2
19   5   6
20   5   6
22   5   2
24   5   2
30   5   8
31   5   4
37   5   8
38   5   4
42   5   8
43   5   8
44   5   6
45   5   8
46   5   6
48   5   2
49   5   6
50   5   2
2   6   10
3   6   8
8   6   6
9   6   6
10   6   2
12   6   10
14   6   6
15   6   10
21   6   4
22   6   6
23   6   4
25   6   4
31   6   10
33   6   4
34   6   10
38   6   2
41   6   4
45   6   6
46   6   10
47   6   6
50   6   6
3   7   4
7   7   8
10   7   8
11   7   8
14   7   6
15   7   4
16   7   4
17   7   10
26   7   8
29   7   6
35   7   8
36   7   6
37   7   10
44   7   8
46   7   4
47   7   4
48   7   8
2   8   2
3   8   4
8   8   10
10   8   10
11   8   2
12   8   6
13   8   4
15   8   8
20   8   4
23   8   2
25   8   2
26   8   6
29   8   2
30   8   2
31   8   2
39   8   6
40   8   4
42   8   10
43   8   10
44   8   8
46   8   10
49   8   8
50   8   10
