179   178   179   178   0   0   0
0   0   0   0   114   114   0
0   0   0   209   0   207   0
141   0   0   0   140   140   139
211   211   0   214   205   202   206
0   178   0   180   0   0   186
0   0   254   0   266   254   260
0   0   0   0   207   208   213
210   0   205   214   0   0   0
260   264   0   0   254   252   0
205   0   0   0   0   0   206
126   127   0   0   127   128   127
214   206   0   0   0   208   206
0   0   0   139   0   0   0
0   153   0   151   155   0   0
151   151   0   0   0   156   153
0   0   257   0   0   0   258
254   0   266   256   0   256   0
0   206   203   205   205   203   208
206   0   212   0   0   0   0
0   0   177   0   0   183   181
213   213   0   203   0   0   0
0   181   178   178   0   178   177
0   152   155   151   0   0   0
213   206   0   214   0   214   0
202   0   212   0   0   202   0
207   0   211   0   208   203   0
270   0   268   270   268   0   0
126   125   126   127   126   0   0
0   0   0   0   0   154   0
257   260   0   252   252   253   268
252   0   269   270   261   0   256
0   0   0   0   0   0   203
212   0   0   201   201   0   204
205   0   0   0   206   0   209
0   0   206   0   0   207   206
141   142   140   140   140   0   0
178   0   0   0   0   177   178
0   211   0   0   201   211   212
0   0   0   207   210   0   201
260   252   0   0   258   265   0
203   202   0   207   0   0   204
0   0   0   0   208   0   0
155   0   151   151   156   0   0
0   157   155   156   0   151   0
0   139   143   0   0   0   0
0   0   211   205   205   209   213
206   210   0   204   0   0   205
207   202   0   0   0   0   0
210   206   0   0   0   0   214
128   0   0   0   0   129   126
0   0   0   208   207   0   0
0   0   0   0   0   126   127
0   126   126   127   0   126   128
0   0   206   206   0   202   205
201   209   201   214   203   212   0
151   152   0   0   153   153   151
0   143   142   141   0   0   0
201   214   0   206   211   0   203
0   201   202   209   0   201   0
0   0   0   0   138   141   0
208   207   207   202   205   0   0
206   205   209   0   214   212   0
214   0   204   211   0   206   0
0   0   203   0   210   0   201
0   0   0   155   152   0   0
139   138   138   143   0   138   139
0   113   0   0   0   113   113
210   214   208   208   0   0   0
141   0   0   138   0   139   142
0   268   0   0   257   0   0
209   0   0   0   0   212   0
0   0   214   209   0   0   209
0   0   140   0   0   141   142
0   183   184   0   186   185   180
0   207   201   205   0   206   214
0   206   213   0   0   0   210
0   210   0   208   208   204   203
256   254   261   269   0   0   0
0   204   211   206   0   212   0
142   0   0   143   141   0   0
0   181   0   178   0   0   0
257   0   266   258   265   0   0
206   214   206   209   0   0   206
0   179   186   0   0   0   0
253   0   264   260   265   264   266
0   206   204   0   0   0   0
202   0   0   204   0   0   201
128   128   127   0   0   125   0
155   155   153   0   154   0   0
0   206   209   206   209   204   204
0   0   141   0   142   139   142
0   0   140   143   141   0   0
0   214   212   202   202   203   0
0   0   0   204   0   210   214
202   0   211   204   203   0   209
184   0   0   184   0   181   0
184   181   182   0   176   0   179
0   204   0   207   210   0   214
0   201   0   207   0   0   0
205   0   0   0   206   213   212
142   0   0   143   0   0   141
0   183   183   0   176   0   176
210   0   203   0   0   0   202
0   0   139   0   0   142   0
209   206   203   0   212   0   0
0   143   0   139   143   0   140
213   214   206   0   205   202   0
0   202   214   213   208   211   0
141   142   141   0   0   141   141
0   151   0   0   154   155   0
210   208   0   204   0   0   0
180   181   0   0   0   0   179
202   0   0   205   206   211   0
0   0   0   0   212   0   212
0   178   0   0   0   0   181
127   0   0   0   0   0   127
184   181   0   0   177   0   0
0   139   0   0   142   0   142
0   204   210   0   0   0   209
155   151   0   153   0   0   152
0   207   0   204   0   214   0
125   128   0   127   0   0   0
202   202   0   204   205   214   202
143   139   141   138   0   0   0
266   0   253   270   270   0   270
183   0   0   0   186   176   185
0   206   0   207   211   201   0
0   203   0   0   0   0   0
139   140   141   139   0   142   0
152   0   0   154   0   0   0
0   214   205   210   0   211   202
0   203   0   0   209   210   0
213   213   0   207   201   208   211
207   0   203   0   208   202   0
0   126   128   128   0   127   0
258   254   0   0   0   0   266
0   0   184   183   0   0   179
151   0   156   0   156   154   151
0   141   0   141   0   142   142
203   0   0   0   0   0   0
0   214   0   206   0   0   0
128   125   129   0   126   126   125
0   154   151   0   156   155   0
0   0   213   0   0   0   0
155   0   154   0   157   154   0
0   140   0   139   0   143   143
0   151   155   0   151   0   152
0   0   139   140   143   140   143
128   0   0   129   0   0   0
138   143   139   138   0   0   140
0   0   254   252   0   266   261
151   0   0   157   154   151   0
0   208   0   206   209   0   0
214   0   0   0   213   0   0
0   206   212   0   213   203   0
0   206   0   206   0   203   210
183   0   0   0   0   0   0
0   207   0   0   211   0   204
181   0   177   180   0   184   0
139   140   0   142   140   141   139
0   139   0   0   0   0   0
140   0   0   140   0   141   0
261   266   0   270   254   0   254
0   154   155   0   151   0   0
203   207   0   0   201   205   203
206   203   214   211   205   203   0
202   206   0   206   0   0   0
0   181   181   177   184   0   184
0   0   0   138   0   139   0
0   0   113   113   114   0   114
213   0   207   206   0   201   208
0   214   201   0   211   202   208
0   210   206   0   0   214   0
0   157   0   151   155   0   0
0   252   0   266   0   264   254
0   209   0   205   206   201   205
0   201   0   0   0   0   203
0   0   0   0   128   126   128
212   0   204   0   212   0   0
204   205   0   0   205   213   212
210   0   214   0   0   0   0
202   0   0   207   207   210   0
211   0   0   0   210   210   205
205   209   209   0   0   0   0
143   138   141   140   0   143   140
210   207   0   211   208   204   212
0   151   0   153   154   0   151
113   114   114   0   0   114   0
0   211   206   0   213   205   209
0   208   209   214   0   0   214
154   0   0   0   0   154   0
0   0   203   214   0   207   0
0   206   0   214   0   202   207
0   186   178   0   180   0   180
0   178   0   177   0   0   0
113   113   114   0   113   0   113
154   152   0   0   156   154   155
152   0   157   151   154   0   152
214   213   204   214   0   202   0
151   151   153   0   0   0   0
0   206   0   0   0   214   0
0   155   0   0   157   0   0
0   125   126   0   0   129   128
0   0   0   0   155   152   0
0   0   0   157   0   152   151
204   214   212   0   214   0   0
203   208   0   0   208   0   212
0   138   0   139   139   141   0
201   0   0   210   214   0   0
204   208   210   206   0   0   0
0   126   127   127   126   128   127
138   139   0   0   139   0   0
0   207   206   206   0   205   211
155   153   0   153   0   151   153
205   0   0   0   0   212   202
210   0   0   212   203   211   210
125   0   128   0   128   0   0
151   153   0   155   156   0   153
151   0   155   0   0   0   0
176   0   0   0   183   0   0
0   0   180   0   0   0   0
212   213   214   0   0   206   214
152   157   152   155   0   0   0
0   0   156   153   0   0   0
210   204   206   204   208   0   203
0   155   154   155   151   154   0
0   0   260   261   268   0   0
128   129   126   126   129   128   0
205   0   0   0   210   0   0
202   209   0   0   0   0   210
204   0   214   207   0   0   212
0   0   0   0   0   152   0
177   0   0   0   179   180   0
140   0   0   142   0   0   140
0   211   204   209   208   0   205
0   0   0   156   0   0   156
0   0   0   210   206   212   0
208   0   207   213   0   202   205
0   0   180   0   0   0   180
203   214   213   213   205   208   0
125   128   0   128   0   128   0
157   156   157   155   157   0   151
201   0   207   202   0   0   0
209   201   214   209   214   0   0
204   210   206   208   212   208   213
0   201   206   0   213   209   211
0   0   214   0   207   209   214
140   142   0   0   138   143   140
0   0   0   151   155   0   0
202   0   0   0   0   0   0
182   0   0   184   180   181   0
0   0   214   211   204   206   0
128   127   0   0   0   0   126
0   183   177   181   180   184   0
0   0   141   143   0   0   0
0   0   127   126   128   0   0
0   128   129   0   127   0   126
201   0   203   0   0   201   0
0   0   0   128   0   0   0
202   0   214   0   211   0   0
177   0   181   0   0   0   177
0   0   0   141   142   142   0
0   0   0   0   0   214   0
206   0   214   0   211   0   0
0   0   0   203   0   208   212
206   0   213   203   210   210   210
140   0   142   140   142   141   0
0   0   126   0   0   0   0
205   0   0   202   0   0   208
0   213   0   0   0   202   213
206   209   210   210   207   210   205
114   114   113   0   113   0   113
0   0   0   204   0   208   0
0   0   0   0   260   0   257
143   0   0   0   0   0   0
0   208   0   214   0   0   0
126   128   0   126   0   128   0
0   181   0   0   0   0   185
202   0   207   201   0   0   202
206   205   203   0   0   0   208
0   0   142   0   0   139   0
127   126   0   127   0   0   126
207   213   206   206   212   206   0
0   0   0   214   213   0   204
210   213   0   206   0   214   0
0   0   207   0   0   208   0
153   156   0   157   0   0   155
0   0   0   126   126   0   126
0   212   0   211   0   0   0
204   208   0   214   0   0   211
0   209   0   0   204   0   0
114   114   114   0   0   114   113
0   185   182   0   182   181   182
0   209   214   0   0   0   0
0   202   0   0   0   202   0
0   0   141   140   142   141   0
210   0   207   0   203   0   0
0   204   206   206   0   204   212
0   0   206   201   210   214   0
0   0   0   0   0   0   203
0   0   143   0   0   0   138
0   206   204   0   202   214   206
0   0   0   156   0   0   0
257   0   253   0   0   0   261
210   208   203   209   0   206   0
0   206   0   213   0   0   204
0   0   155   0   151   0   0
214   0   206   212   212   0   210
0   0   127   128   128   127   126
0   256   0   0   0   0   261
113   114   114   113   0   114   0
142   140   0   0   0   138   0
151   155   153   0   0   0   155
0   258   264   0   261   261   0
0   0   213   0   204   201   205
0   201   213   0   0   211   0
0   212   0   0   0   206   211
152   151   0   152   152   151   0
0   184   184   180   0   184   177
206   0   0   211   214   0   0
153   155   0   0   152   155   157
0   207   201   204   204   0   211
0   212   0   211   0   0   210
0   206   0   211   0   214   0
203   208   206   204   0   0   0
0   0   211   214   209   206   212
0   0   139   140   0   138   139
0   0   156   156   154   0   155
0   207   0   207   0   201   213
141   142   138   140   0   140   0
125   126   128   128   126   127   0
0   0   206   0   0   210   0
128   127   0   128   129   0   127
209   207   202   0   0   0   0
201   209   201   214   203   212   0
0   0   140   143   143   142   139
139   0   0   0   139   0   140
143   0   0   142   0   0   0
155   156   157   0   152   0   0
140   0   0   0   0   0   0
0   0   0   0   0   0   206
205   0   0   214   0   205   0
0   126   126   0   126   0   126
0   214   0   0   0   206   0
0   0   143   0   0   0   140
142   0   138   140   140   0   0
0   0   151   157   157   155   0
0   206   0   208   214   0   0
0   0   140   0   0   0   140
0   0   179   185   177   177   0
205   0   0   0   0   0   205
0   0   152   0   157   155   0
207   0   214   207   211   207   201
0   254   266   0   0   0   0
114   0   113   0   114   0   114
138   0   0   0   141   142   0
214   212   0   0   202   204   213
207   202   209   0   0   0   0
0   209   0   0   0   213   208
209   210   205   0   214   0   214
0   185   183   0   0   184   181
206   0   0   0   204   214   0
129   0   129   126   126   0   0
0   183   180   0   179   0   0
203   213   206   0   0   0   201
0   0   0   0   0   0   127
0   0   202   0   213   206   0
254   252   0   0   252   265   0
179   0   181   185   181   0   182
201   214   0   0   204   0   0
179   0   0   0   0   0   181
0   264   268   256   0   0   258
0   140   140   139   0   141   0
206   0   0   0   206   0   205
0   0   207   210   211   0   202
0   0   206   204   0   0   0
0   0   213   203   0   206   206
0   0   0   155   0   0   153
0   265   0   0   257   0   261
205   212   202   210   0   205   213
0   0   0   203   0   0   209
0   208   0   0   0   208   0
0   0   0   0   151   0   0
151   0   154   0   0   0   155
155   0   0   153   0   0   0
0   205   0   0   0   0   0
141   138   0   139   0   0   143
210   201   0   0   0   202   0
214   0   205   202   0   214   204
202   205   201   0   0   0   0
126   126   127   126   126   0   0
0   0   0   0   0   214   0
0   0   206   0   211   203   0
151   153   155   0   151   155   0
0   0   128   0   128   126   0
201   0   0   0   208   0   0
0   0   0   128   129   0   129
0   0   207   207   207   0   0
138   0   0   0   138   0   0
202   0   0   212   214   214   212
0   202   211   0   0   212   0
153   155   151   0   155   153   0
252   266   260   0   262   0   0
0   0   205   0   211   205   202
0   0   0   0   181   180   186
0   211   0   0   0   205   202
127   0   128   125   0   127   0
0   205   209   0   209   214   205
264   265   0   0   254   264   262
264   270   257   272   0   270   0
0   207   0   202   204   214   208
214   0   0   204   0   205   202
210   0   0   0   208   0   202
127   0   0   128   0   127   0
203   0   201   0   0   0   206
0   142   0   143   139   138   140
0   203   0   0   0   214   0
0   0   0   205   207   0   206
0   202   205   0   206   0   213
0   0   0   185   185   179   178
0   0   181   0   178   0   186
0   0   0   0   203   0   0
0   156   155   0   151   156   0
0   210   202   201   211   0   203
126   0   127   126   127   0   125
127   0   128   126   0   129   129
214   0   0   0   0   0   0
265   0   0   0   0   265   0
206   210   0   0   0   211   214
0   153   156   0   155   154   0
0   0   201   214   0   0   214
212   0   201   214   0   0   0
140   0   0   0   0   0   139
0   126   127   127   127   0   0
0   0   0   0   126   126   125
155   0   0   0   152   0   154
0   142   143   0   0   0   0
153   0   155   0   0   0   0
128   0   0   128   126   0   128
0   0   0   153   0   155   0
151   152   156   154   0   0   0
0   208   0   214   209   0   211
140   143   138   140   142   0   0
0   143   0   0   139   0   141
211   208   209   0   203   213   209
205   0   0   203   202   201   0
156   156   154   0   157   151   0
210   0   0   204   0   211   0
157   0   154   0   153   0   0
205   205   0   213   208   0   201
0   0   207   214   214   0   0
0   0   179   0   0   0   176
126   127   127   127   128   0   128
0   0   0   256   0   0   0
207   0   0   0   211   0   203
0   207   203   0   0   201   214
0   0   0   214   0   206   0
0   253   0   0   254   265   254
152   0   151   0   151   0   0
0   213   211   0   206   206   210
214   0   210   206   0   0   202
0   272   268   261   0   0   0
0   201   207   208   0   0   0
154   0   154   0   153   155   0
0   152   0   0   0   0   154
0   266   0   0   270   262   256
210   204   204   0   0   212   0
214   211   208   210   0   0   214
0   138   140   0   0   0   0
0   0   208   206   0   0   0
186   177   179   0   0   0   184
140   140   0   0   141   0   0
0   0   0   142   140   0   0
0   140   0   142   140   0   142
0   0   0   0   252   0   0
0   213   202   0   201   0   0
0   0   0   0   210   0   0
0   151   0   0   155   0   156
0   127   126   127   0   0   0
0   208   0   214   209   0   211
0   0   0   208   0   210   203
0   183   183   0   176   0   176
140   139   140   0   142   0   142
0   202   0   201   203   0   0
0   0   0   141   0   0   142
0   126   0   128   127   0   128
214   0   209   0   0   212   211
177   176   186   0   0   182   0
211   0   0   210   0   0   209
0   205   214   0   206   205   204
0   151   0   0   152   157   0
269   0   0   258   268   0   0
262   0   258   256   0   0   0
128   128   0   0   0   126   128
0   126   126   0   126   126   126
205   209   0   205   0   206   207
129   0   127   0   128   0   0
0   139   0   139   0   141   0
0   0   0   204   201   204   0
